1
找到反例！


第8次迭代
当前初始状态:
F:93 U:16
num_Or:4951
参数大于2的OR: 
(OBJ-AT O1 P10-10) (OBJ-AT O1 P10-7) (OBJ-AT O1 P10-6) (OBJ-AT O1 P9-10) (OBJ-AT O1 P8-2) (OBJ-AT O1 P7-1) (OBJ-AT O1 P4-4) (OBJ-AT O1 P1-2) 
H:85


Cueing down from goal distance:   85 into depth [1]
                                  83            [1][2][3]
                                  80            [1]
                                  79            [1][2]
                                  76            [1]
                                  73            [1][2]
                                  72            [1]
                                  71            [1]
                                  64            [1]
                                  63            [1]
                                  62            [1][2][3][4][5][6][7][8][9]
                                  59            [1][2][3][4][5][6][7][8][9]
                                  58            [1]
                                  57            [1][2][3][4][5][6][7][8][9][10][11]
                                  56            [1][2][3][4][5][6][7][8][9][10][11][12][13]
                                  55            [1][2][3][4][5][6][7][8][9][10]
                                  54            [1][2][3][4]
                                  53            [1]
                                  52            [1][2][3]
                                  51            [1]
                                  50            [1]
                                  49            [1]
                                  46            [1]
                                  45            [1][2][3]
                                  44            [1][2][3][4][5]
                                  43            [1][2]
                                  42            [1][2][3][4][5][6]
                                  41            [1]
                                  40            [1][2][3][4][5][6][7][8]
                                  38            [1]
                                  36            [1]
                                  34            [1]
                                  32            [1]
                                  30            [1]
                                  28            [1]
                                  26            [1][2]
                                  25            [1][2]
                                  24            [1][2]
                                  22            [1]
                                  21            [1][2][3][4][5][6][7][8][9][10][11][12][13][14][15][16][17][18][19]
                                  20            [1]
                                  19            [1]
                                  18            [1]
                                  17            [1]
                                  16            [1]
                                  15            [1]
                                  14            [1]
                                  13            [1]
                                  12            [1]
                                  11            [1]
                                  10            [1]
                                   9            [1]
                                   8            [1]
                                   7            [1]
                                   6            [1]
                                   5            [1]
                                   4            [1]
                                   3            [1]
                                   2            [1]
                                   0            

ff: found legal plan as follows
规划长度：155

var_size: 36658

当前收集的断言数：15602

1
找到反例！


第9次迭代
当前初始状态:
F:92 U:18
num_Or:4951
参数大于2的OR: 
(OBJ-AT O1 P10-10) (OBJ-AT O1 P10-7) (OBJ-AT O1 P10-6) (OBJ-AT O1 P9-10) (OBJ-AT O1 P9-9) (OBJ-AT O1 P8-2) (OBJ-AT O1 P7-1) (OBJ-AT O1 P4-4) (OBJ-AT O1 P1-2) 
H:86


Cueing down from goal distance:   86 into depth [1]
                                  84            [1][2][3]
                                  81            [1]
                                  80            [1][2]
                                  77            [1]
                                  74            [1][2]
                                  73            [1]
                                  72            [1]
                                  65            [1]
                                  64            [1]
                                  63            [1][2][3][4][5][6][7][8][9]
                                  60            [1][2][3][4][5][6][7][8][9][10]
                                  59            [1]
                                  58            [1][2][3][4][5][6][7][8][9][10][11][12][13]
                                  56            [1][2][3][4][5][6][7][8][9][10]
                                  55            [1][2][3][4]
                                  54            [1]
                                  53            [1][2][3]
                                  52            [1]
                                  51            [1]
                                  50            [1]
                                  47            [1]
                                  46            [1][2][3]
                                  45            [1][2][3][4][5]
                                  44            [1][2]
                                  43            [1][2][3][4][5][6]
                                  42            [1]
                                  41            [1][2][3][4][5][6][7][8]
                                  39            [1]
                                  37            [1]
                                  35            [1]
                                  33            [1]
                                  31            [1]
                                  29            [1]
                                  27            [1][2][3]
                                  26            [1][2]
                                  25            [1][2]
                                  24            [1][2]
                                  22            [1]
                                  21            [1][2][3][4][5][6][7][8][9][10][11][12][13][14][15][16][17][18][19]
                                  20            [1]
                                  19            [1]
                                  18            [1]
                                  17            [1]
                                  16            [1]
                                  15            [1]
                                  14            [1]
                                  13            [1]
                                  12            [1]
                                  11            [1]
                                  10            [1]
                                   9            [1]
                                   8            [1]
                                   7            [1]
                                   6            [1]
                                   5            [1]
                                   4            [1]
                                   3            [1]
                                   2            [1]
                                   0            

ff: found legal plan as follows
规划长度：148

var_size: 34927

当前收集的断言数：14902

1
找到反例！


第10次迭代
当前初始状态:
F:91 U:20
num_Or:4951
参数大于2的OR: 
(OBJ-AT O1 P10-10) (OBJ-AT O1 P10-7) (OBJ-AT O1 P10-6) (OBJ-AT O1 P9-10) (OBJ-AT O1 P9-9) (OBJ-AT O1 P8-2) (OBJ-AT O1 P7-1) (OBJ-AT O1 P4-9) (OBJ-AT O1 P4-4) (OBJ-AT O1 P1-2) 
H:95


Cueing down from goal distance:   95 into depth [1]
                                  93            [1]
                                  92            [1]
                                  91            [1]
                                  90            [1]
                                  89            [1]
                                  86            [1]
                                  85            [1]
                                  84            [1]
                                  80            [1]
                                  75            [1]
                                  68            [1]
                                  67            [1][2][3][4][5][6][7]
                                  66            [1][2][3][4][5][6][7][8]
                                  65            [1][2][3]
                                  64            [1][2][3][4][5][6]
                                  63            [1]
                                  62            [1][2]
                                  61            [1][2][3][4][5][6]
                                  57            [1][2]
                                  54            [1]
                                  51            [1]
                                  48            [1]
                                  45            [1]
                                  44            [1]
                                  43            [1][2]
                                  42            [1][2]
                                  41            [1][2]
                                  40            [1]
                                  37            [1]
                                  36            [1][2][3][4][5]
                                  29            [1]
                                  28            [1][2]
                                  27            [1][2]
                                  26            [1][2]
                                  25            [1][2]
                                  24            [1][2]
                                  23            [1][2]
                                  22            [1][2][3][4][5][6][7][8][9][10][11][12][13][14][15][16][17]
                                  21            [1][2][3][4][5][6][7][8][9][10][11][12][13][14][15][16][17][18][19]
                                  20            [1]
                                  19            [1]
                                  18            [1]
                                  17            [1]
                                  16            [1]
                                  15            [1]
                                  14            [1]
                                  13            [1]
                                  12            [1]
                                  11            [1]
                                  10            [1]
                                   9            [1]
                                   8            [1]
                                   7            [1]
                                   6            [1]
                                   5            [1]
                                   4            [1]
                                   3            [1]
                                   2            [1]
                                   0            

ff: found legal plan as follows
规划长度：133

var_size: 31689

当前收集的断言数：13402

1
找到反例！


第11次迭代
当前初始状态:
F:90 U:22
num_Or:4951
参数大于2的OR: 
(OBJ-AT O1 P10-10) (OBJ-AT O1 P10-7) (OBJ-AT O1 P10-6) (OBJ-AT O1 P9-10) (OBJ-AT O1 P9-9) (OBJ-AT O1 P9-3) (OBJ-AT O1 P8-2) (OBJ-AT O1 P7-1) (OBJ-AT O1 P4-9) (OBJ-AT O1 P4-4) (OBJ-AT O1 P1-2) 
H:116


Cueing down from goal distance:  116 into depth [1]
                                 114            [1]
                                 111            [1]
                                 109            [1]
                                 107            [1]
                                 102            [1]
                                  95            [1]
                                  92            [1]
                                  87            [1]
                                  86            [1]
                                  80            [1][2][3]
                                  79            [1][2][3][4][5]
                                  78            [1]
                                  77            [1][2][3][4][5]
                                  76            [1][2][3][4][5][6][7]
                                  75            [1][2][3][4][5][6][7]
                                  74            [1][2][3][4][5][6][7][8][9]
                                  72            [1][2][3][4][5][6][7][8][9]
                                  71            [1][2][3][4][5][6][7][8][9]
                                  70            [1][2][3][4][5][6][7][8][9][10][11]
                                  69            [1][2][3][4][5][6][7][8][9][10][11][12][13]
                                  68            [1][2][3][4][5][6][7][8][9][10][11][12]
                                  67            [1]
                                  66            [1][2][3][4][5][6][7][8][9][10]
                                  65            [1]
                                  64            [1]
                                  63            [1]
                                  60            [1]
                                  59            [1][2][3]
                                  58            [1][2][3][4][5][6]
                                  56            [1]
                                  55            [1][2]
                                  54            [1][2][3][4][5][6][7]
                                  51            [1][2]
                                  50            [1]
                                  48            [1]
                                  46            [1]
                                  44            [1][2][3]
                                  43            [1][2]
                                  42            [1][2]
                                  41            [1][2]
                                  40            [1]
                                  37            [1]
                                  36            [1][2][3][4][5]
                                  29            [1]
                                  28            [1][2]
                                  27            [1][2]
                                  26            [1][2]
                                  25            [1][2]
                                  24            [1][2]
                                  23            [1][2]
                                  22            [1][2][3][4][5][6][7][8][9][10][11][12][13][14][15][16][17]
                                  21            [1][2][3][4][5][6][7][8][9][10][11][12][13][14][15][16][17][18][19]
                                  20            [1]
                                  19            [1]
                                  18            [1]
                                  17            [1]
                                  16            [1]
                                  15            [1]
                                  14            [1]
                                  13            [1]
                                  12            [1]
                                  11            [1]
                                  10            [1]
                                   9            [1]
                                   8            [1]
                                   7            [1]
                                   6            [1]
                                   5            [1]
                                   4            [1]
                                   3            [1]
                                   2            [1]
                                   0            

ff: found legal plan as follows
规划长度：224

var_size: 56473

当前收集的断言数：22502

1
找到反例！


第12次迭代
当前初始状态:
F:89 U:24
num_Or:4951
参数大于2的OR: 
(OBJ-AT O1 P10-10) (OBJ-AT O1 P10-7) (OBJ-AT O1 P10-6) (OBJ-AT O1 P10-5) (OBJ-AT O1 P9-10) (OBJ-AT O1 P9-9) (OBJ-AT O1 P9-3) (OBJ-AT O1 P8-2) (OBJ-AT O1 P7-1) (OBJ-AT O1 P4-9) (OBJ-AT O1 P4-4) (OBJ-AT O1 P1-2) 
H:118


Cueing down from goal distance:  118 into depth [1]
                                 111            [1]
                                 110            [1]
                                 105            [1]
                                  99            [1]
                                  96            [1]
                                  92            [1]
                                  91            [1]
                                  85            [1][2][3]
                                  84            [1][2][3][4][5]
                                  83            [1][2][3][4][5]
                                  82            [1][2][3][4][5][6]
                                  81            [1][2][3][4][5][6][7]
                                  80            [1][2][3][4][5][6][7][8]
                                  79            [1]
                                  78            [1][2][3][4][5][6][7][8][9]
                                  77            [1][2][3][4][5][6][7][8][9]
                                  76            [1]
                                  73            [1][2][3][4][5][6][7][8][9]
                                  72            [1]
                                  70            [1][2][3][4][5][6][7][8][9][10][11]
                                  69            [1][2][3][4][5][6][7][8][9][10][11][12][13]
                                  68            [1][2][3][4][5][6][7][8][9][10][11][12]
                                  67            [1]
                                  66            [1][2][3][4][5][6][7][8][9][10]
                                  65            [1]
                                  64            [1]
                                  63            [1]
                                  60            [1]
                                  59            [1][2][3]
                                  58            [1][2][3][4][5][6]
                                  56            [1]
                                  55            [1][2]
                                  54            [1][2][3][4][5][6][7]
                                  51            [1][2]
                                  50            [1]
                                  48            [1]
                                  46            [1]
                                  44            [1][2][3]
                                  43            [1][2]
                                  42            [1][2]
                                  41            [1][2]
                                  40            [1]
                                  37            [1]
                                  36            [1][2][3][4][5]
                                  29            [1]
                                  28            [1][2]
                                  27            [1][2]
                                  26            [1][2]
                                  25            [1][2]
                                  24            [1][2]
                                  23            [1][2]
                                  22            [1][2][3][4][5][6][7][8][9][10][11][12][13][14][15][16][17]
                                  21            [1][2][3][4][5][6][7][8][9][10][11][12][13][14][15][16][17][18][19]
                                  20            [1]
                                  19            [1]
                                  18            [1]
                                  17            [1]
                                  16            [1]
                                  15            [1]
                                  14            [1]
                                  13            [1]
                                  12            [1]
                                  11            [1]
                                  10            [1]
                                   9            [1]
                                   8            [1]
                                   7            [1]
                                   6            [1]
                                   5            [1]
                                   4            [1]
                                   3            [1]
                                   2            [1]
                                   0            

ff: found legal plan as follows
规划长度：231

var_size: 58355

当前收集的断言数：23202

1
找到反例！


第13次迭代
当前初始状态:
F:88 U:26
num_Or:4951
参数大于2的OR: 
(OBJ-AT O1 P10-10) (OBJ-AT O1 P10-7) (OBJ-AT O1 P10-6) (OBJ-AT O1 P10-5) (OBJ-AT O1 P9-10) (OBJ-AT O1 P9-9) (OBJ-AT O1 P9-3) (OBJ-AT O1 P8-2) (OBJ-AT O1 P7-1) (OBJ-AT O1 P4-9) (OBJ-AT O1 P4-4) (OBJ-AT O1 P3-8) (OBJ-AT O1 P1-2) 
H:128


Cueing down from goal distance:  128 into depth [1]
                                 126            [1]
                                 125            [1]
                                 122            [1]
                                 117            [1]
                                 115            [1]
                                 112            [1]
                                 111            [1]
                                 106            [1][2][3]
                                 105            [1][2][3][4][5]
                                 104            [1][2][3][4][5]
                                 103            [1][2][3][4][5][6]
                                 102            [1][2][3][4][5][6][7]
                                 101            [1][2][3][4][5][6][7][8]
                                 100            [1]
                                  99            [1][2][3][4][5][6][7][8][9]
                                  98            [1][2][3][4][5][6][7][8][9]
                                  97            [1]
                                  94            [1][2][3][4][5][6][7][8][9]
                                  93            [1]
                                  91            [1][2][3][4][5][6][7][8][9]
                                  89            [1]
                                  88            [1][2]
                                  87            [1]
                                  84            [1]
                                  82            [1][2][3]
                                  79            [1]
                                  78            [1]
                                  77            [1][2][3]
                                  76            [1]
                                  75            [1]
                                  74            [1][2][3][4][5][6][7]
                                  73            [1][2][3][4][5][6]
                                  69            [1][2][3][4][5]
                                  64            [1][2][3][4][5][6][7]
                                  63            [1]
                                  59            [1][2]
                                  56            [1]
                                  53            [1]
                                  50            [1]
                                  47            [1]
                                  46            [1][2][3]
                                  45            [1][2]
                                  44            [1][2]
                                  43            [1][2]
                                  42            [1]
                                  39            [1]
                                  38            [1][2]
                                  37            [1][2][3]
                                  36            [1][2]
                                  35            [1][2][3][4][5][6]
                                  28            [1]
                                  27            [1][2]
                                  26            [1][2]
                                  25            [1][2]
                                  24            [1][2]
                                  23            [1][2]
                                  22            [1][2]
                                  21            [1][2][3][4][5][6][7][8][9][10][11][12][13][14][15][16][17][18][19]
                                  20            [1]
                                  19            [1]
                                  18            [1]
                                  17            [1]
                                  16            [1]
                                  15            [1]
                                  14            [1]
                                  13            [1]
                                  12            [1]
                                  11            [1]
                                  10            [1]
                                   9            [1]
                                   8            [1]
                                   7            [1]
                                   6            [1]
                                   5            [1]
                                   4            [1]
                                   3            [1]
                                   2            [1]
                                   0            

ff: found legal plan as follows
规划长度：203

var_size: 49764

当前收集的断言数：20402

1
找到反例！


第14次迭代
当前初始状态:
F:87 U:28
num_Or:4951
参数大于2的OR: 
(OBJ-AT O1 P10-10) (OBJ-AT O1 P10-7) (OBJ-AT O1 P10-6) (OBJ-AT O1 P10-5) (OBJ-AT O1 P9-10) (OBJ-AT O1 P9-9) (OBJ-AT O1 P9-3) (OBJ-AT O1 P8-2) (OBJ-AT O1 P7-1) (OBJ-AT O1 P5-6) (OBJ-AT O1 P4-9) (OBJ-AT O1 P4-4) (OBJ-AT O1 P3-8) (OBJ-AT O1 P1-2) 
H:136


Cueing down from goal distance:  136 into depth [1]
                                 135            [1]
                                 129            [1]
                                 128            [1]
                                 125            [1]
                                 124            [1]
                                 118            [1]
                                 113            [1][2][3]
                                 110            [1]
                                 109            [1][2][3]
                                 108            [1][2][3][4][5]
                                 107            [1][2][3][4][5][6]
                                 105            [1]
                                 103            [1]
                                 102            [1]
                                 100            [1]
                                  99            [1]
                                  97            [1]
                                  96            [1][2]
                                  95            [1][2][3]
                                  94            [1][2]
                                  92            [1]
                                  91            [1][2][3]
                                  90            [1][2][3][4][5]
                                  89            [1][2][3][4][5][6]
                                  87            [1]
                                  86            [1][2][3]
                                  85            [1][2][3][4][5]
                                  84            [1][2][3]
                                  82            [1]
                                  81            [1][2][3]
                                  80            [1][2][3][4][5][6][7]
                                  79            [1][2][3][4][5]
                                  78            [1][2][3]
                                  76            [1]
                                  75            [1][2][3]
                                  74            [1][2][3][4][5]
                                  71            [1][2][3][4][5][6]
                                  65            [1][2]
                                  64            [1][2]
                                  57            [1][2]
                                  56            [1][2]
                                  52            [1][2]
                                  44            [1][2][3][4][5][6][7][8][9]
                                  43            [1][2]
                                  42            [1][2]
                                  40            [1][2]
                                  38            [1]
                                  37            [1][2][3]
                                  34            [1]
                                  33            [1][2][3][4][5][6]
                                  32            [1][2]
                                  31            [1][2]
                                  30            [1][2]
                                  29            [1][2]
                                  28            [1][2]
                                  27            [1][2]
                                  26            [1][2]
                                  25            [1][2]
                                  24            [1][2][3][4][5][6][7][8][9][10][11][12][13][14][15]
                                  23            [1][2]
                                  22            [1][2]
                                  21            [1][2][3][4][5][6][7][8][9][10][11][12][13][14][15][16][17][18][19]
                                  20            [1]
                                  19            [1]
                                  18            [1]
                                  17            [1]
                                  16            [1]
                                  15            [1]
                                  14            [1]
                                  13            [1]
                                  12            [1]
                                  11            [1]
                                  10            [1]
                                   9            [1]
                                   8            [1]
                                   7            [1]
                                   6            [1]
                                   5            [1]
                                   4            [1]
                                   3            [1]
                                   2            [1]
                                   0            

ff: found legal plan as follows
规划长度：208

var_size: 51361

当前收集的断言数：20902

1
找到反例！


第15次迭代
当前初始状态:
F:86 U:30
num_Or:4951
参数大于2的OR: 
(OBJ-AT O1 P10-10) (OBJ-AT O1 P10-7) (OBJ-AT O1 P10-6) (OBJ-AT O1 P10-5) (OBJ-AT O1 P10-4) (OBJ-AT O1 P9-10) (OBJ-AT O1 P9-9) (OBJ-AT O1 P9-3) (OBJ-AT O1 P8-2) (OBJ-AT O1 P7-1) (OBJ-AT O1 P5-6) (OBJ-AT O1 P4-9) (OBJ-AT O1 P4-4) (OBJ-AT O1 P3-8) (OBJ-AT O1 P1-2) 
H:143


Cueing down from goal distance:  143 into depth [1]
                                 142            [1]
                                 130            [1]
                                 129            [1]
                                 126            [1]
                                 125            [1]
                                 119            [1]
                                 114            [1][2][3]
                                 111            [1]
                                 110            [1][2][3]
                                 109            [1][2][3][4][5]
                                 108            [1][2][3][4][5][6]
                                 106            [1]
                                 104            [1]
                                 103            [1]
                                 101            [1]
                                 100            [1][2][3]
                                  99            [1][2][3]
                                  98            [1]
                                  96            [1][2]
                                  95            [1][2][3]
                                  94            [1][2]
                                  92            [1]
                                  91            [1][2][3]
                                  90            [1][2][3][4][5]
                                  89            [1][2][3][4][5][6]
                                  87            [1]
                                  86            [1][2][3]
                                  85            [1][2][3][4][5]
                                  84            [1][2][3]
                                  82            [1]
                                  81            [1][2][3]
                                  80            [1][2][3][4][5][6][7]
                                  79            [1][2][3][4][5]
                                  78            [1][2][3]
                                  76            [1]
                                  75            [1][2][3]
                                  74            [1][2][3][4][5]
                                  71            [1][2][3][4][5][6]
                                  65            [1][2]
                                  64            [1][2]
                                  57            [1][2]
                                  56            [1][2]
                                  52            [1][2]
                                  44            [1][2][3][4][5][6][7][8][9]
                                  43            [1][2]
                                  42            [1][2]
                                  40            [1][2]
                                  38            [1]
                                  37            [1][2][3]
                                  34            [1]
                                  33            [1][2][3][4][5][6]
                                  32            [1][2]
                                  31            [1][2]
                                  30            [1][2]
                                  29            [1][2]
                                  28            [1][2]
                                  27            [1][2]
                                  26            [1][2]
                                  25            [1][2]
                                  24            [1][2][3][4][5][6][7][8][9][10][11][12][13][14][15]
                                  23            [1][2]
                                  22            [1][2]
                                  21            [1][2][3][4][5][6][7][8][9][10][11][12][13][14][15][16][17][18][19]
                                  20            [1]
                                  19            [1]
                                  18            [1]
                                  17            [1]
                                  16            [1]
                                  15            [1]
                                  14            [1]
                                  13            [1]
                                  12            [1]
                                  11            [1]
                                  10            [1]
                                   9            [1]
                                   8            [1]
                                   7            [1]
                                   6            [1]
                                   5            [1]
                                   4            [1]
                                   3            [1]
                                   2            [1]
                                   0            

ff: found legal plan as follows
规划长度：213

var_size: 52711

当前收集的断言数：21402

1
找到反例！


第16次迭代
当前初始状态:
F:85 U:32
num_Or:4951
参数大于2的OR: 
(OBJ-AT O1 P10-10) (OBJ-AT O1 P10-7) (OBJ-AT O1 P10-6) (OBJ-AT O1 P10-5) (OBJ-AT O1 P10-4) (OBJ-AT O1 P10-3) (OBJ-AT O1 P9-10) (OBJ-AT O1 P9-9) (OBJ-AT O1 P9-3) (OBJ-AT O1 P8-2) (OBJ-AT O1 P7-1) (OBJ-AT O1 P5-6) (OBJ-AT O1 P4-9) (OBJ-AT O1 P4-4) (OBJ-AT O1 P3-8) (OBJ-AT O1 P1-2) 
H:151


Cueing down from goal distance:  151 into depth [1]
                                 150            [1]
                                 138            [1]
                                 137            [1]
                                 127            [1]
                                 126            [1]
                                 120            [1]
                                 115            [1][2][3]
                                 112            [1]
                                 111            [1][2][3]
                                 110            [1][2][3][4][5]
                                 109            [1][2][3][4][5][6]
                                 107            [1]
                                 105            [1]
                                 104            [1][2][3]
                                 103            [1][2][3]
                                 102            [1]
                                 100            [1][2][3]
                                  99            [1][2][3]
                                  98            [1]
                                  96            [1][2]
                                  95            [1][2][3]
                                  94            [1][2]
                                  92            [1]
                                  91            [1][2][3]
                                  90            [1][2][3][4][5]
                                  89            [1][2][3][4][5][6]
                                  87            [1]
                                  86            [1][2][3]
                                  85            [1][2][3][4][5]
                                  84            [1][2][3]
                                  82            [1]
                                  81            [1][2][3]
                                  80            [1][2][3][4][5][6][7]
                                  79            [1][2][3][4][5]
                                  78            [1][2][3]
                                  76            [1]
                                  75            [1][2][3]
                                  74            [1][2][3][4][5]
                                  71            [1][2][3][4][5][6]
                                  65            [1][2]
                                  64            [1][2]
                                  57            [1][2]
                                  56            [1][2]
                                  52            [1][2]
                                  44            [1][2][3][4][5][6][7][8][9]
                                  43            [1][2]
                                  42            [1][2]
                                  40            [1][2]
                                  38            [1]
                                  37            [1][2][3]
                                  34            [1]
                                  33            [1][2][3][4][5][6]
                                  32            [1][2]
                                  31            [1][2]
                                  30            [1][2]
                                  29            [1][2]
                                  28            [1][2]
                                  27            [1][2]
                                  26            [1][2]
                                  25            [1][2]
                                  24            [1][2][3][4][5][6][7][8][9][10][11][12][13][14][15]
                                  23            [1][2]
                                  22            [1][2]
                                  21            [1][2][3][4][5][6][7][8][9][10][11][12][13][14][15][16][17][18][19]
                                  20            [1]
                                  19            [1]
                                  18            [1]
                                  17            [1]
                                  16            [1]
                                  15            [1]
                                  14            [1]
                                  13            [1]
                                  12            [1]
                                  11            [1]
                                  10            [1]
                                   9            [1]
                                   8            [1]
                                   7            [1]
                                   6            [1]
                                   5            [1]
                                   4            [1]
                                   3            [1]
                                   2            [1]
                                   0            

ff: found legal plan as follows
规划长度：218

var_size: 54064

当前收集的断言数：21902

1
找到反例！


第17次迭代
当前初始状态:
F:84 U:34
num_Or:4951
参数大于2的OR: 
(OBJ-AT O1 P10-10) (OBJ-AT O1 P10-7) (OBJ-AT O1 P10-6) (OBJ-AT O1 P10-5) (OBJ-AT O1 P10-4) (OBJ-AT O1 P10-3) (OBJ-AT O1 P10-2) (OBJ-AT O1 P9-10) (OBJ-AT O1 P9-9) (OBJ-AT O1 P9-3) (OBJ-AT O1 P8-2) (OBJ-AT O1 P7-1) (OBJ-AT O1 P5-6) (OBJ-AT O1 P4-9) (OBJ-AT O1 P4-4) (OBJ-AT O1 P3-8) (OBJ-AT O1 P1-2) 
H:162


Cueing down from goal distance:  162 into depth [1]
                                 161            [1]
                                 149            [1]
                                 148            [1]
                                 137            [1]
                                 136            [1]
                                 131            [1]
                                 116            [1][2][3]
                                 113            [1]
                                 112            [1][2][3]
                                 111            [1][2][3][4][5]
                                 110            [1][2][3][4][5][6]
                                 107            [1][2][3]
                                 106            [1]
                                 102            [1][2][3]
                                 101            [1][2][3][4][5]
                                 100            [1][2][3][4][5]
                                  99            [1][2][3][4][5]
                                  98            [1][2][3][4][5][6]
                                  97            [1]
                                  96            [1][2][3]
                                  95            [1][2][3]
                                  94            [1]
                                  92            [1][2]
                                  91            [1][2]
                                  90            [1][2]
                                  87            [1]
                                  86            [1][2][3]
                                  83            [1]
                                  82            [1][2][3]
                                  81            [1][2][3][4]
                                  80            [1]
                                  79            [1]
                                  78            [1][2][3][4][5]
                                  77            [1]
                                  76            [1][2][3]
                                  75            [1][2][3][4][5][6][7]
                                  74            [1][2][3][4][5]
                                  73            [1][2][3]
                                  71            [1]
                                  70            [1][2][3]
                                  69            [1][2][3][4][5]
                                  57            [1][2]
                                  56            [1][2]
                                  51            [1][2][3][4][5]
                                  50            [1][2][3][4][5]
                                  47            [1][2][3][4][5][6]
                                  46            [1]
                                  42            [1][2][3][4][5]
                                  41            [1][2][3][4][5][6][7]
                                  40            [1]
                                  36            [1]
                                  35            [1][2]
                                  34            [1][2]
                                  33            [1][2]
                                  32            [1]
                                  30            [1]
                                  29            [1][2]
                                  28            [1][2]
                                  27            [1][2]
                                  26            [1][2][3][4][5][6][7][8][9][10][11][12][13]
                                  25            [1][2]
                                  24            [1][2]
                                  23            [1][2]
                                  22            [1][2]
                                  21            [1][2][3][4][5][6][7][8][9][10][11][12][13][14][15][16][17][18][19]
                                  20            [1]
                                  19            [1]
                                  18            [1]
                                  17            [1]
                                  16            [1]
                                  15            [1]
                                  14            [1]
                                  13            [1]
                                  12            [1]
                                  11            [1]
                                  10            [1]
                                   9            [1]
                                   8            [1]
                                   7            [1]
                                   6            [1]
                                   5            [1]
                                   4            [1]
                                   3            [1]
                                   2            [1]
                                   0            

ff: found legal plan as follows
规划长度：222

var_size: 54416

当前收集的断言数：22302

1
找到反例！


第18次迭代
当前初始状态:
F:83 U:36
num_Or:4951
参数大于2的OR: 
(OBJ-AT O1 P10-10) (OBJ-AT O1 P10-7) (OBJ-AT O1 P10-6) (OBJ-AT O1 P10-5) (OBJ-AT O1 P10-4) (OBJ-AT O1 P10-3) (OBJ-AT O1 P10-2) (OBJ-AT O1 P9-10) (OBJ-AT O1 P9-9) (OBJ-AT O1 P9-3) (OBJ-AT O1 P8-7) (OBJ-AT O1 P8-2) (OBJ-AT O1 P7-1) (OBJ-AT O1 P5-6) (OBJ-AT O1 P4-9) (OBJ-AT O1 P4-4) (OBJ-AT O1 P3-8) (OBJ-AT O1 P1-2) 
H:162


Cueing down from goal distance:  162 into depth [1]
                                 152            [1]
                                 145            [1]
                                 143            [1]
                                 142            [1]
                                 130            [1][2][3][4][5]
                                 127            [1][2][3][4][5]
                                 123            [1]
                                 122            [1]
                                 121            [1]
                                 120            [1]
                                 118            [1][2][3][4][5]
                                 117            [1][2][3][4][5]
                                 116            [1][2][3][4][5]
                                 115            [1][2][3][4][5][6]
                                 114            [1]
                                 111            [1][2]
                                 107            [1][2][3][4][5]
                                 105            [1][2][3]
                                 104            [1][2][3][4]
                                 103            [1]
                                 101            [1][2][3][4][5][6]
                                 100            [1][2]
                                  98            [1][2][3][4][5][6][7]
                                  97            [1][2][3][4][5][6][7][8]
                                  96            [1]
                                  95            [1]
                                  93            [1]
                                  91            [1][2][3][4][5][6][7]
                                  90            [1][2][3][4][5][6][7][8][9][10][11]
                                  89            [1][2][3][4][5][6][7][8][9][10][11]
                                  85            [1][2][3][4][5][6][7][8]TimeOut
now_time:3600.0526556160185
