                                  57            [1]
                                  54            [1][2]
                                  53            [1][2][3]
                                  52            [1][2][3][4]
                                  49            [1]
                                  48            [1][2][3][4][5]
                                  47            [1][2][3][4][5]
                                  46            [1][2][3][4][5][6][7]
                                  45            [1][2][3][4][5][6][7]
                                  44            [1][2][3][4][5][6][7][8]
                                  43            [1][2][3][4][5][6][7][8]
                                  40            [1][2]
                                  38            [1][2][3][4][5][6][7][8][9]
                                  37            [1][2][3][4][5][6][7]
                                  36            [1][2][3][4][5][6][7][8][9][10][11]
                                  35            [1]
                                  34            [1][2][3][4][5]
                                  33            [1][2][3][4][5][6][7][8][9]
                                  32            [1]
                                  30            [1][2][3][4][5][6][7]
                                  29            [1][2][3][4][5]
                                  28            [1]
                                  27            [1][2][3]
                                  26            [1][2][3][4][5][6][7][8][9][10][11]
                                  23            [1][2][3]
                                  22            [1][2][3][4][5][6][7][8][9][10]
                                  21            [1][2][3][4][5][6][7]
                                  20            [1][2][3][4][5][6][7][8][9][10]
                                  17            [1]
                                  16            [1]
                                  15            [1][2][3][4][5]
                                  14            [1][2][3][4][5][6]
                                  13            [1]
                                  12            [1]
                                   8            [1]
                                   7            [1]
                                   6            [1]
                                   5            [1]
                                   4            [1]
                                   3            [1]
                                   2            [1]
                                   0            

ff: found legal plan as follows
规划长度：214

var_size: 32285

当前收集的断言数：13762

1
找到反例！


第20次迭代
当前初始状态:
F:45 U:40
num_Or:2017
参数大于2的OR: 
(OBJ-AT O1 P8-7) (OBJ-AT O1 P8-6) (OBJ-AT O1 P8-4) (OBJ-AT O1 P8-2) (OBJ-AT O1 P8-1) (OBJ-AT O1 P7-8) (OBJ-AT O1 P7-7) (OBJ-AT O1 P7-6) (OBJ-AT O1 P7-5) (OBJ-AT O1 P7-4) (OBJ-AT O1 P7-3) (OBJ-AT O1 P7-2) (OBJ-AT O1 P7-1) (OBJ-AT O1 P6-7) (OBJ-AT O1 P6-6) (OBJ-AT O1 P6-5) (OBJ-AT O1 P6-4) (OBJ-AT O1 P6-3) (OBJ-AT O1 P3-5) (OBJ-AT O1 P2-8) 
H:105


Cueing down from goal distance:  105 into depth [1]
                                  98            [1]
                                  91            [1]
                                  83            [1]
                                  80            [1]
                                  76            [1][2][3][4][5][6][7][8][9][10][11]
                                  75            [1][2][3][4][5][6][7][8][9]
                                  72            [1]
                                  71            [1][2][3]
                                  70            [1]
                                  66            [1]
                                  65            [1][2][3]
                                  64            [1][2][3]
                                  63            [1][2][3]
                                  62            [1]
                                  59            [1][2]
                                  58            [1][2][3][4][5][6][7]
                                  57            [1][2][3][4]
                                  55            [1][2][3]
                                  54            [1]
                                  53            [1][2][3][4][5]
                                  52            [1][2][3][4][5][6][7][8]
                                  51            [1][2][3][4][5][6][7][8]
                                  47            [1][2][3][4][5][6][7][8]
                                  43            [1][2][3][4][5][6][7][8][9][10][11]
                                  42            [1][2][3][4][5][6][7][8][9][10][11]
                                  40            [1][2][3][4][5][6][7][8][9][10]
                                  38            [1]
                                  37            [1]
                                  36            [1]
                                  34            [1][2][3]
                                  33            [1]
                                  30            [1][2][3]
                                  29            [1][2][3][4][5]
                                  28            [1][2]
                                  26            [1][2][3]
                                  25            [1][2]
                                  23            [1][2][3]
                                  22            [1][2][3][4][5]
                                  20            [1][2][3][4][5]
                                  19            [1][2][3][4][5][6][7]
                                  18            [1][2][3][4][5]
                                  17            [1][2][3][4][5][6][7]
                                  16            [1][2][3][4][5][6][7][8]
                                  14            [1][2][3][4][5]
                                  12            [1][2][3]
                                  10            [1]
                                   9            [1]
                                   8            [1]
                                   7            [1]
                                   6            [1]
                                   5            [1]
                                   4            [1]
                                   3            [1]
                                   2            [1]
                                   0            

ff: found legal plan as follows
规划长度：198

var_size: 31338

当前收集的断言数：12738

1
找到反例！


第21次迭代
当前初始状态:
F:44 U:42
num_Or:2017
参数大于2的OR: 
(OBJ-AT O1 P8-8) (OBJ-AT O1 P8-7) (OBJ-AT O1 P8-6) (OBJ-AT O1 P8-4) (OBJ-AT O1 P8-2) (OBJ-AT O1 P8-1) (OBJ-AT O1 P7-8) (OBJ-AT O1 P7-7) (OBJ-AT O1 P7-6) (OBJ-AT O1 P7-5) (OBJ-AT O1 P7-4) (OBJ-AT O1 P7-3) (OBJ-AT O1 P7-2) (OBJ-AT O1 P7-1) (OBJ-AT O1 P6-7) (OBJ-AT O1 P6-6) (OBJ-AT O1 P6-5) (OBJ-AT O1 P6-4) (OBJ-AT O1 P6-3) (OBJ-AT O1 P3-5) (OBJ-AT O1 P2-8) 
H:106


Cueing down from goal distance:  106 into depth [1]
                                  98            [1]
                                  92            [1]
                                  83            [1]
                                  80            [1]
                                  76            [1][2][3][4][5][6][7][8][9][10][11]
                                  75            [1][2][3][4][5][6][7][8][9]
                                  73            [1]
                                  72            [1][2][3]
                                  71            [1]
                                  67            [1]
                                  66            [1][2][3]
                                  65            [1][2][3]
                                  64            [1][2][3]
                                  62            [1]
                                  59            [1][2]
                                  58            [1][2][3][4][5][6][7]
                                  57            [1]
                                  54            [1][2][3]
                                  53            [1][2][3][4]
                                  50            [1]
                                  49            [1][2][3][4][5]
                                  48            [1]
                                  47            [1]
                                  43            [1]
                                  42            [1]
                                  38            [1]
                                  37            [1]
                                  35            [1]
                                  34            [1][2]
                                  33            [1]
                                  32            [1]
                                  31            [1][2]
                                  30            [1][2][3]
                                  29            [1][2][3][4]
                                  28            [1]
                                  27            [1]
                                  26            [1][2][3]
                                  25            [1][2]
                                  23            [1][2][3]
                                  22            [1][2][3][4]
                                  21            [1]
                                  20            [1][2][3][4][5][6]
                                  19            [1]
                                  18            [1][2][3][4][5][6][7]
                                  16            [1][2][3][4][5][6][7]
                                  15            [1][2][3][4][5]
                                  14            [1][2][3][4][5][6][7]
                                  13            [1]
                                  12            [1]
                                   8            [1]
                                   7            [1]
                                   6            [1]
                                   5            [1]
                                   4            [1]
                                   3            [1]
                                   2            [1]
                                   0            

ff: found legal plan as follows
规划长度：141

var_size: 21372

当前收集的断言数：9090

1
找到反例！


第22次迭代
当前初始状态:
F:43 U:44
num_Or:2017
参数大于2的OR: 
(OBJ-AT O1 P8-8) (OBJ-AT O1 P8-7) (OBJ-AT O1 P8-6) (OBJ-AT O1 P8-4) (OBJ-AT O1 P8-2) (OBJ-AT O1 P8-1) (OBJ-AT O1 P7-8) (OBJ-AT O1 P7-7) (OBJ-AT O1 P7-6) (OBJ-AT O1 P7-5) (OBJ-AT O1 P7-4) (OBJ-AT O1 P7-3) (OBJ-AT O1 P7-2) (OBJ-AT O1 P7-1) (OBJ-AT O1 P6-7) (OBJ-AT O1 P6-6) (OBJ-AT O1 P6-5) (OBJ-AT O1 P6-4) (OBJ-AT O1 P6-3) (OBJ-AT O1 P6-2) (OBJ-AT O1 P3-5) (OBJ-AT O1 P2-8) 
H:112


Cueing down from goal distance:  112 into depth [1]
                                 107            [1]
                                 103            [1]
                                 101            [1]
                                  91            [1]
                                  77            [1][2][3][4][5][6][7][8][9][10][11]
                                  76            [1][2][3][4][5][6][7][8][9]
                                  74            [1]
                                  73            [1][2][3]
                                  72            [1][2][3]
                                  71            [1][2][3][4]
                                  69            [1]
                                  68            [1]
                                  65            [1]
                                  62            [1][2]
                                  61            [1][2][3][4][5][6][7]
                                  60            [1]
                                  59            [1]
                                  58            [1][2][3]
                                  57            [1][2][3]
                                  56            [1][2][3][4][5]
                                  55            [1][2][3][4][5][6]
                                  54            [1][2][3][4][5][6][7]
                                  53            [1][2][3][4][5][6][7]
                                  49            [1][2][3][4][5][6][7][8][9]
                                  48            [1][2][3][4][5][6][7][8][9][10]
                                  44            [1][2][3][4][5][6][7][8][9][10][11]
                                  42            [1]
                                  41            [1][2][3]
                                  40            [1][2][3][4][5][6][7]
                                  39            [1][2][3][4][5]
                                  38            [1][2][3]
                                  37            [1][2][3][4][5][6][7][8][9]
                                  36            [1][2][3][4][5][6][7]
                                  35            [1][2][3][4][5]
                                  34            [1][2][3]
                                  33            [1][2][3][4][5][6][7][8][9][10][11][12]
                                  31            [1][2][3][4][5][6][7][8][9][10][11][12][13]
                                  30            [1][2][3][4][5]
                                  28            [1][2][3]
                                  27            [1][2][3][4][5][6][7][8][9][10][11][12]
                                  26            [1][2][3][4][5][6][7][8][9]
                                  24            [1]
                                  23            [1]
                                  22            [1]
                                  21            [1]
                                  20            [1]
                                  19            [1]
                                  18            [1]
                                  17            [1]
                                  16            [1]
                                  15            [1][2]
                                  14            [1][2]
                                  13            [1][2]
                                  12            [1][2]
                                  11            [1]
                                  10            [1]
                                   9            [1]
                                   8            [1]
                                   7            [1]
                                   6            [1]
                                   5            [1]
                                   4            [1]
                                   3            [1]
                                   2            [1]
                                   0            

ff: found legal plan as follows
规划长度：235

var_size: 36276

当前收集的断言数：15106

1
找到反例！


第23次迭代
当前初始状态:
F:42 U:46
num_Or:2017
参数大于2的OR: 
(OBJ-AT O1 P8-8) (OBJ-AT O1 P8-7) (OBJ-AT O1 P8-6) (OBJ-AT O1 P8-5) (OBJ-AT O1 P8-4) (OBJ-AT O1 P8-2) (OBJ-AT O1 P8-1) (OBJ-AT O1 P7-8) (OBJ-AT O1 P7-7) (OBJ-AT O1 P7-6) (OBJ-AT O1 P7-5) (OBJ-AT O1 P7-4) (OBJ-AT O1 P7-3) (OBJ-AT O1 P7-2) (OBJ-AT O1 P7-1) (OBJ-AT O1 P6-7) (OBJ-AT O1 P6-6) (OBJ-AT O1 P6-5) (OBJ-AT O1 P6-4) (OBJ-AT O1 P6-3) (OBJ-AT O1 P6-2) (OBJ-AT O1 P3-5) (OBJ-AT O1 P2-8) 
H:112


Cueing down from goal distance:  112 into depth [1]
                                 103            [1]
                                  98            [1]
                                  97            [1]
                                  89            [1]
                                  77            [1][2][3][4][5][6][7][8][9][10][11]
                                  76            [1][2][3][4][5][6][7][8][9]
                                  74            [1]
                                  73            [1][2][3]
                                  72            [1][2][3]
                                  71            [1][2][3][4]
                                  69            [1]
                                  68            [1]
                                  65            [1]
                                  62            [1][2]
                                  61            [1][2][3][4][5][6][7]
                                  59            [1]
                                  58            [1]
                                  53            [1]
                                  52            [1]
                                  50            [1]
                                  49            [1]
                                  44            [1]
                                  43            [1][2]
                                  42            [1][2]
                                  41            [1][2]
                                  40            [1][2]
                                  39            [1]
                                  38            [1][2][3][4]
                                  37            [1]
                                  36            [1][2][3][4]
                                  35            [1]
                                  33            [1][2]
                                  31            [1][2][3]
                                  30            [1][2][3]
                                  29            [1][2]
                                  28            [1]
                                  27            [1]
                                  26            [1][2][3][4][5][6]
                                  25            [1]
                                  24            [1][2][3][4][5][6][7][8][9]
                                  23            [1][2][3][4][5][6][7][8][9]
                                  22            [1][2][3][4][5]
                                  20            [1][2][3][4][5]
                                  19            [1][2][3][4][5][6][7]
                                  18            [1][2][3][4][5]
                                  17            [1][2][3][4][5][6][7]
                                  16            [1][2][3][4][5][6][7][8]
                                  14            [1][2][3][4][5]
                                  12            [1][2][3]
                                  10            [1]
                                   9            [1]
                                   8            [1]
                                   7            [1]
                                   6            [1]
                                   5            [1]
                                   4            [1]
                                   3            [1]
                                   2            [1]
                                   0            

ff: found legal plan as follows
规划长度：165

var_size: 25637

当前收集的断言数：10626

1
找到反例！


第24次迭代
当前初始状态:
F:41 U:48
num_Or:2017
参数大于2的OR: 
(OBJ-AT O1 P8-8) (OBJ-AT O1 P8-7) (OBJ-AT O1 P8-6) (OBJ-AT O1 P8-5) (OBJ-AT O1 P8-4) (OBJ-AT O1 P8-2) (OBJ-AT O1 P8-1) (OBJ-AT O1 P7-8) (OBJ-AT O1 P7-7) (OBJ-AT O1 P7-6) (OBJ-AT O1 P7-5) (OBJ-AT O1 P7-4) (OBJ-AT O1 P7-3) (OBJ-AT O1 P7-2) (OBJ-AT O1 P7-1) (OBJ-AT O1 P6-7) (OBJ-AT O1 P6-6) (OBJ-AT O1 P6-5) (OBJ-AT O1 P6-4) (OBJ-AT O1 P6-3) (OBJ-AT O1 P6-2) (OBJ-AT O1 P6-1) (OBJ-AT O1 P3-5) (OBJ-AT O1 P2-8) 
H:118


Cueing down from goal distance:  118 into depth [1]
                                 104            [1]
                                  99            [1]
                                  98            [1]
                                  90            [1]
                                  78            [1][2][3][4][5][6][7][8][9]
                                  77            [1][2][3][4][5][6][7][8][9][10][11]
                                  76            [1][2][3][4][5][6][7][8][9]
                                  74            [1]
                                  73            [1][2][3]
                                  72            [1][2][3]
                                  71            [1][2][3][4]
                                  69            [1]
                                  68            [1]
                                  65            [1]
                                  62            [1][2]
                                  61            [1][2][3][4][5][6][7]
                                  59            [1]
                                  58            [1]
                                  53            [1]
                                  52            [1]
                                  50            [1]
                                  49            [1]
                                  44            [1]
                                  43            [1][2]
                                  42            [1][2]
                                  41            [1][2]
                                  40            [1][2]
                                  39            [1]
                                  38            [1][2][3][4]
                                  37            [1]
                                  36            [1][2][3][4]
                                  35            [1]
                                  33            [1][2]
                                  31            [1][2][3]
                                  30            [1][2][3]
                                  29            [1][2]
                                  28            [1]
                                  27            [1]
                                  26            [1][2][3][4][5][6]
                                  25            [1]
                                  24            [1][2][3][4][5][6][7][8][9]
                                  23            [1][2][3][4][5][6][7][8][9]
                                  22            [1][2][3][4][5]
                                  20            [1][2][3][4][5]
                                  19            [1][2][3][4][5][6][7]
                                  18            [1][2][3][4][5]
                                  17            [1][2][3][4][5][6][7]
                                  16            [1][2][3][4][5][6][7][8]
                                  14            [1][2][3][4][5]
                                  12            [1][2][3]
                                  10            [1]
                                   9            [1]
                                   8            [1]
                                   7            [1]
                                   6            [1]
                                   5            [1]
                                   4            [1]
                                   3            [1]
                                   2            [1]
                                   0            

ff: found legal plan as follows
规划长度：174

var_size: 27266

当前收集的断言数：11202

1
找到反例！


第25次迭代
当前初始状态:
F:40 U:50
num_Or:2017
参数大于2的OR: 
(OBJ-AT O1 P8-8) (OBJ-AT O1 P8-7) (OBJ-AT O1 P8-6) (OBJ-AT O1 P8-5) (OBJ-AT O1 P8-4) (OBJ-AT O1 P8-2) (OBJ-AT O1 P8-1) (OBJ-AT O1 P7-8) (OBJ-AT O1 P7-7) (OBJ-AT O1 P7-6) (OBJ-AT O1 P7-5) (OBJ-AT O1 P7-4) (OBJ-AT O1 P7-3) (OBJ-AT O1 P7-2) (OBJ-AT O1 P7-1) (OBJ-AT O1 P6-7) (OBJ-AT O1 P6-6) (OBJ-AT O1 P6-5) (OBJ-AT O1 P6-4) (OBJ-AT O1 P6-3) (OBJ-AT O1 P6-2) (OBJ-AT O1 P6-1) (OBJ-AT O1 P5-7) (OBJ-AT O1 P3-5) (OBJ-AT O1 P2-8) 
H:121


Cueing down from goal distance:  121 into depth [1]
                                 105            [1]
                                 100            [1]
                                  99            [1]
                                  91            [1]
                                  79            [1][2][3][4][5][6][7][8][9]
                                  78            [1][2][3][4][5][6][7][8][9][10]
                                  77            [1][2][3]
                                  76            [1][2][3]
                                  75            [1][2][3][4][5]
                                  74            [1]
                                  71            [1]
                                  68            [1]
                                  64            [1][2][3][4][5][6][7]
                                  63            [1][2][3][4][5][6][7]
                                  61            [1]
                                  60            [1]
                                  55            [1]
                                  54            [1]
                                  52            [1]
                                  51            [1]
                                  50            [1]
                                  49            [1][2][3]
                                  48            [1][2][3][4]
                                  47            [1][2]
                                  46            [1][2]
                                  45            [1]
                                  44            [1][2][3]
                                  43            [1][2][3][4][5]
                                  42            [1][2][3][4]
                                  41            [1][2]
                                  40            [1]
                                  39            [1]
                                  38            [1][2][3]
                                  37            [1]
                                  36            [1]
                                  35            [1][2]
                                  34            [1][2]
                                  33            [1]
                                  32            [1][2]
                                  31            [1][2][3][4][5]
                                  30            [1][2][3][4][5]
                                  29            [1][2][3][4][5][6][7]
                                  27            [1][2][3][4][5][6][7]
                                  26            [1][2][3]
                                  25            [1][2][3][4]
                                  24            [1][2][3][4][5][6][7]
                                  22            [1][2][3][4][5][6][7][8][9]
                                  21            [1][2][3][4][5][6][7][8][9]
                                  20            [1][2][3][4][5][6][7][8][9][10][11]
                                  18            [1][2][3][4][5]
                                  17            [1][2][3][4][5][6][7]
                                  16            [1][2][3][4][5][6][7][8]
                                  14            [1][2][3][4][5]
                                  12            [1][2][3]
                                  10            [1]
                                   9            [1]
                                   8            [1]
                                   7            [1]
                                   6            [1]
                                   5            [1]
                                   4            [1]
                                   3            [1]
                                   2            [1]
                                   0            

ff: found legal plan as follows
规划长度：203

var_size: 31755

当前收集的断言数：13058

1
找到反例！


第26次迭代
当前初始状态:
F:39 U:52
num_Or:2017
参数大于2的OR: 
(OBJ-AT O1 P8-8) (OBJ-AT O1 P8-7) (OBJ-AT O1 P8-6) (OBJ-AT O1 P8-5) (OBJ-AT O1 P8-4) (OBJ-AT O1 P8-2) (OBJ-AT O1 P8-1) (OBJ-AT O1 P7-8) (OBJ-AT O1 P7-7) (OBJ-AT O1 P7-6) (OBJ-AT O1 P7-5) (OBJ-AT O1 P7-4) (OBJ-AT O1 P7-3) (OBJ-AT O1 P7-2) (OBJ-AT O1 P7-1) (OBJ-AT O1 P6-7) (OBJ-AT O1 P6-6) (OBJ-AT O1 P6-5) (OBJ-AT O1 P6-4) (OBJ-AT O1 P6-3) (OBJ-AT O1 P6-2) (OBJ-AT O1 P6-1) (OBJ-AT O1 P5-7) (OBJ-AT O1 P5-4) (OBJ-AT O1 P3-5) (OBJ-AT O1 P2-8) 
H:124


Cueing down from goal distance:  124 into depth [1]
                                 106            [1]
                                 102            [1]
                                 101            [1]
                                  94            [1]
                                  83            [1][2][3][4][5][6][7][8][9]
                                  82            [1][2][3][4][5][6][7][8][9][10][11]
                                  81            [1][2][3][4][5][6][7][8][9]
                                  80            [1]
                                  79            [1][2][3]
                                  78            [1][2][3]
                                  77            [1][2][3][4]
                                  73            [1][2]
                                  71            [1][2][3][4][5][6][7][8]
                                  66            [1][2]
                                  65            [1][2][3][4][5][6][7]
                                  63            [1]
                                  62            [1]
                                  57            [1]
                                  56            [1]
                                  53            [1]
                                  52            [1][2][3]
                                  51            [1]
                                  48            [1]
                                  47            [1][2][3]
                                  46            [1][2]
                                  45            [1][2]
                                  44            [1][2]
                                  43            [1][2]
                                  42            [1]
                                  41            [1][2][3][4]
                                  40            [1]
                                  38            [1][2]
                                  35            [1][2][3]
                                  34            [1][2][3]
                                  33            [1][2]
                                  32            [1]
                                  31            [1]
                                  30            [1][2][3][4][5][6]
                                  29            [1]
                                  28            [1][2][3][4][5][6][7]
                                  27            [1][2][3][4]
                                  26            [1][2][3][4][5][6][7][8][9][10][11]
                                  25            [1]
                                  23            [1][2][3][4][5][6][7][8][9]
                                  22            [1][2][3][4][5][6][7][8][9][10][11]
                                  21            [1][2][3][4][5][6][7][8][9]
                                  20            [1][2][3][4][5][6][7][8][9][10][11]
                                  18            [1][2][3][4][5]
                                  17            [1][2][3][4][5][6][7]
                                  16            [1][2][3][4][5][6][7][8]
                                  14            [1][2][3][4][5]
                                  12            [1][2][3]
                                  10            [1]
                                   9            [1]
                                   8            [1]
                                   7            [1]
                                   6            [1]
                                   5            [1]
                                   4            [1]
                                   3            [1]
                                   2            [1]
                                   0            

ff: found legal plan as follows
规划长度：210

var_size: 33261

当前收集的断言数：13506

1
找到反例！


第27次迭代
当前初始状态:
F:38 U:54
num_Or:2017
参数大于2的OR: 
(OBJ-AT O1 P8-8) (OBJ-AT O1 P8-7) (OBJ-AT O1 P8-6) (OBJ-AT O1 P8-5) (OBJ-AT O1 P8-4) (OBJ-AT O1 P8-2) (OBJ-AT O1 P8-1) (OBJ-AT O1 P7-8) (OBJ-AT O1 P7-7) (OBJ-AT O1 P7-6) (OBJ-AT O1 P7-5) (OBJ-AT O1 P7-4) (OBJ-AT O1 P7-3) (OBJ-AT O1 P7-2) (OBJ-AT O1 P7-1) (OBJ-AT O1 P6-7) (OBJ-AT O1 P6-6) (OBJ-AT O1 P6-5) (OBJ-AT O1 P6-4) (OBJ-AT O1 P6-3) (OBJ-AT O1 P6-2) (OBJ-AT O1 P6-1) (OBJ-AT O1 P5-7) (OBJ-AT O1 P5-6) (OBJ-AT O1 P5-4) (OBJ-AT O1 P3-5) (OBJ-AT O1 P2-8) 
H:124


Cueing down from goal distance:  124 into depth [1]
                                 107            [1]
                                 103            [1]
                                 102            [1]
                                  95            [1]
                                  84            [1][2][3][4][5][6][7][8][9]
                                  83            [1][2][3][4][5][6][7][8][9][10]
                                  82            [1][2][3]
                                  81            [1][2][3]
                                  80            [1][2][3][4]
                                  79            [1]
                                  76            [1]
                                  73            [1][2][3][4][5][6][7][8]
                                  72            [1]
                                  69            [1]
                                  67            [1][2][3][4][5][6][7]
                                  66            [1][2][3][4][5][6][7]
                                  64            [1]
                                  63            [1]
                                  58            [1]
                                  57            [1]
                                  54            [1]
                                  53            [1][2][3]
                                  52            [1][2]
                                  51            [1][2]
                                  50            [1][2]
                                  49            [1][2]
                                  48            [1][2]
                                  47            [1]
                                  46            [1][2][3]
                                  45            [1][2]
                                  44            [1][2]
                                  43            [1][2]
                                  42            [1][2]
                                  40            [1][2][3]
                                  39            [1][2]
                                  38            [1][2]
                                  37            [1][2]
                                  36            [1][2]
                                  35            [1][2][3]
                                  34            [1][2][3][4][5]
                                  33            [1][2][3][4][5]
                                  32            [1][2]
                                  31            [1][2][3]
                                  30            [1]
                                  29            [1]
                                  28            [1][2][3][4]
                                  27            [1]
                                  25            [1][2][3][4][5][6][7]
                                  23            [1][2][3][4][5][6][7][8][9]
                                  22            [1][2][3][4][5][6][7][8][9][10][11]
                                  21            [1][2][3][4][5][6][7][8][9]
                                  20            [1][2][3][4][5][6][7][8][9][10][11]
                                  18            [1][2][3][4][5]
                                  17            [1][2][3][4][5][6][7]
                                  16            [1][2][3][4][5][6][7][8]
                                  14            [1][2][3][4][5]
                                  12            [1][2][3]
                                  10            [1]
                                   9            [1]
                                   8            [1]
                                   7            [1]
                                   6            [1]
                                   5            [1]
                                   4            [1]
                                   3            [1]
                                   2            [1]
                                   0            

ff: found legal plan as follows
规划长度：210

var_size: 33007

当前收集的断言数：13506

1
找到反例！


第28次迭代
当前初始状态:
F:37 U:56
num_Or:2017
参数大于2的OR: 
(OBJ-AT O1 P8-8) (OBJ-AT O1 P8-7) (OBJ-AT O1 P8-6) (OBJ-AT O1 P8-5) (OBJ-AT O1 P8-4) (OBJ-AT O1 P8-2) (OBJ-AT O1 P8-1) (OBJ-AT O1 P7-8) (OBJ-AT O1 P7-7) (OBJ-AT O1 P7-6) (OBJ-AT O1 P7-5) (OBJ-AT O1 P7-4) (OBJ-AT O1 P7-3) (OBJ-AT O1 P7-2) (OBJ-AT O1 P7-1) (OBJ-AT O1 P6-7) (OBJ-AT O1 P6-6) (OBJ-AT O1 P6-5) (OBJ-AT O1 P6-4) (OBJ-AT O1 P6-3) (OBJ-AT O1 P6-2) (OBJ-AT O1 P6-1) (OBJ-AT O1 P5-7) (OBJ-AT O1 P5-6) (OBJ-AT O1 P5-4) (OBJ-AT O1 P5-3) (OBJ-AT O1 P3-5) (OBJ-AT O1 P2-8) 
H:126


Cueing down from goal distance:  126 into depth [1]
                                 108            [1]
                                 104            [1]
                                 103            [1]
                                  96            [1]
                                  85            [1][2][3][4][5][6][7][8][9]
                                  84            [1][2][3][4][5][6][7][8][9][10]
                                  83            [1][2][3]
                                  82            [1][2][3]
                                  81            [1][2][3][4]
                                  80            [1]
                                  77            [1]
                                  74            [1][2][3][4][5][6][7][8]
                                  73            [1]
                                  70            [1]
                                  68            [1][2][3][4][5][6][7]
                                  67            [1][2][3][4][5][6][7]
                                  65            [1]
                                  64            [1]
                                  59            [1]
                                  58            [1]
                                  55            [1]
                                  54            [1][2][3]
                                  53            [1][2][3][4][5]
                                  52            [1][2][3][4][5]
                                  51            [1]
                                  50            [1]
                                  49            [1]
                                  45            [1]
                                  44            [1][2][3]
                                  43            [1][2][3][4]
                                  42            [1][2]
                                  41            [1]
                                  37            [1]
                                  36            [1][2][3]
                                  35            [1][2][3]
                                  34            [1][2][3][4]
                                  33            [1]
                                  32            [1][2]
                                  31            [1][2]
                                  30            [1][2]
                                  29            [1][2]
                                  28            [1]
                                  27            [1][2][3][4]
                                  25            [1]
                                  24            [1][2]
                                  23            [1]
                                  22            [1]
                                  21            [1]
                                  20            [1]
                                  19            [1][2][3]
                                  18            [1][2][3][4][5]
                                  17            [1][2][3][4][5][6][7]
                                  16            [1][2][3][4][5][6][7][8]
                                  14            [1][2][3][4][5]
                                  12            [1][2][3]
                                  10            [1]
                                   9            [1]
                                   8            [1]
                                   7            [1]
                                   6            [1]
                                   5            [1]
                                   4            [1]
                                   3            [1]
                                   2            [1]
                                   0            

ff: found legal plan as follows
规划长度：164

var_size: 26111

当前收集的断言数：10562

1
找到反例！


第29次迭代
当前初始状态:
F:36 U:58
num_Or:2017
参数大于2的OR: 
(OBJ-AT O1 P8-8) (OBJ-AT O1 P8-7) (OBJ-AT O1 P8-6) (OBJ-AT O1 P8-5) (OBJ-AT O1 P8-4) (OBJ-AT O1 P8-2) (OBJ-AT O1 P8-1) (OBJ-AT O1 P7-8) (OBJ-AT O1 P7-7) (OBJ-AT O1 P7-6) (OBJ-AT O1 P7-5) (OBJ-AT O1 P7-4) (OBJ-AT O1 P7-3) (OBJ-AT O1 P7-2) (OBJ-AT O1 P7-1) (OBJ-AT O1 P6-7) (OBJ-AT O1 P6-6) (OBJ-AT O1 P6-5) (OBJ-AT O1 P6-4) (OBJ-AT O1 P6-3) (OBJ-AT O1 P6-2) (OBJ-AT O1 P6-1) (OBJ-AT O1 P5-7) (OBJ-AT O1 P5-6) (OBJ-AT O1 P5-4) (OBJ-AT O1 P5-3) (OBJ-AT O1 P5-2) (OBJ-AT O1 P3-5) (OBJ-AT O1 P2-8) 
H:132


Cueing down from goal distance:  132 into depth [1]
                                 109            [1]
                                 105            [1]
                                 104            [1]
                                  97            [1]
                                  86            [1][2][3][4][5][6][7][8][9]
                                  85            [1][2][3][4][5][6][7][8][9]
                                  84            [1][2][3][4][5][6][7][8][9][10]
                                  83            [1][2][3]
                                  82            [1][2][3]
                                  81            [1][2][3][4]
                                  80            [1]
                                  77            [1]
                                  74            [1][2][3][4][5][6][7][8]
                                  73            [1]
                                  70            [1]
                                  68            [1][2][3][4][5][6][7]
                                  67            [1][2][3][4][5][6][7]
                                  65            [1]
                                  64            [1]
                                  59            [1]
                                  58            [1]
                                  55            [1]
                                  54            [1][2][3]
                                  53            [1][2][3][4][5]
                                  52            [1][2][3][4][5]
                                  51            [1]
                                  50            [1]
                                  49            [1]
                                  45            [1]
                                  44            [1][2][3]
                                  43            [1][2][3][4]
                                  42            [1][2]
                                  41            [1]
                                  37            [1]
                                  36            [1][2][3]
                                  35            [1][2][3]
                                  34            [1][2][3][4]
                                  33            [1]
                                  32            [1][2]
                                  31            [1][2]
                                  30            [1][2]
                                  29            [1][2]
                                  28            [1]
                                  27            [1][2][3][4]
                                  25            [1]
                                  24            [1][2]
                                  23            [1]
                                  22            [1]
                                  21            [1]
                                  20            [1]
                                  19            [1][2][3]
                                  18            [1][2][3][4][5]
                                  17            [1][2][3][4][5][6][7]
                                  16            [1][2][3][4][5][6][7][8]
                                  14            [1][2][3][4][5]
                                  12            [1][2][3]
                                  10            [1]
                                   9            [1]
                                   8            [1]
                                   7            [1]
                                   6            [1]
                                   5            [1]
                                   4            [1]
                                   3            [1]
                                   2            [1]
                                   0            

ff: found legal plan as follows
规划长度：173

var_size: 27776

当前收集的断言数：11138

1
找到反例！


第30次迭代
当前初始状态:
F:35 U:60
num_Or:2017
参数大于2的OR: 
(OBJ-AT O1 P8-8) (OBJ-AT O1 P8-7) (OBJ-AT O1 P8-6) (OBJ-AT O1 P8-5) (OBJ-AT O1 P8-4) (OBJ-AT O1 P8-2) (OBJ-AT O1 P8-1) (OBJ-AT O1 P7-8) (OBJ-AT O1 P7-7) (OBJ-AT O1 P7-6) (OBJ-AT O1 P7-5) (OBJ-AT O1 P7-4) (OBJ-AT O1 P7-3) (OBJ-AT O1 P7-2) (OBJ-AT O1 P7-1) (OBJ-AT O1 P6-7) (OBJ-AT O1 P6-6) (OBJ-AT O1 P6-5) (OBJ-AT O1 P6-4) (OBJ-AT O1 P6-3) (OBJ-AT O1 P6-2) (OBJ-AT O1 P6-1) (OBJ-AT O1 P5-7) (OBJ-AT O1 P5-6) (OBJ-AT O1 P5-4) (OBJ-AT O1 P5-3) (OBJ-AT O1 P5-2) (OBJ-AT O1 P5-1) (OBJ-AT O1 P3-5) (OBJ-AT O1 P2-8) 
H:138


Cueing down from goal distance:  138 into depth [1]
                                 110            [1]
                                 106            [1]
                                 105            [1]
                                  98            [1]
                                  87            [1][2][3][4][5][6][7]
                                  86            [1][2][3][4][5][6][7][8][9]
                                  85            [1][2][3][4][5][6][7][8][9]
                                  84            [1][2][3][4][5][6][7][8][9][10]
                                  83            [1][2][3]
                                  82            [1][2][3]
                                  81            [1][2][3][4]
                                  80            [1]
                                  77            [1]
                                  74            [1][2][3][4][5][6][7][8]
                                  73            [1]
                                  70            [1]
                                  68            [1][2][3][4][5][6][7]
                                  67            [1][2][3][4][5][6][7]
                                  65            [1]
                                  64            [1]
                                  59            [1]
                                  58            [1]
                                  55            [1]
                                  54            [1][2][3]
                                  53            [1][2][3][4][5]
                                  52            [1][2][3][4][5]
                                  51            [1]
                                  50            [1]
                                  49            [1]
                                  45            [1]
                                  44            [1][2][3]
                                  43            [1][2][3][4]
                                  42            [1][2]
                                  41            [1]
                                  37            [1]
                                  36            [1][2][3]
                                  35            [1][2][3]
                                  34            [1][2][3][4]
                                  33            [1]
                                  32            [1][2]
                                  31            [1][2]
                                  30            [1][2]
                                  29            [1][2]
                                  28            [1]
                                  27            [1][2][3][4]
                                  25            [1]
                                  24            [1][2]
                                  23            [1]
                                  22            [1]
                                  21            [1]
                                  20            [1]
                                  19            [1][2][3]
                                  18            [1][2][3][4][5]
                                  17            [1][2][3][4][5][6][7]
                                  16            [1][2][3][4][5][6][7][8]
                                  14            [1][2][3][4][5]
                                  12            [1][2][3]
                                  10            [1]
                                   9            [1]
                                   8            [1]
                                   7            [1]
                                   6            [1]
                                   5            [1]
                                   4            [1]
                                   3            [1]
                                   2            [1]
                                   0            

ff: found legal plan as follows
规划长度：180

var_size: 29071

当前收集的断言数：11586

1
找到反例！


第31次迭代
当前初始状态:
F:34 U:62
num_Or:2017
参数大于2的OR: 
(OBJ-AT O1 P8-8) (OBJ-AT O1 P8-7) (OBJ-AT O1 P8-6) (OBJ-AT O1 P8-5) (OBJ-AT O1 P8-4) (OBJ-AT O1 P8-2) (OBJ-AT O1 P8-1) (OBJ-AT O1 P7-8) (OBJ-AT O1 P7-7) (OBJ-AT O1 P7-6) (OBJ-AT O1 P7-5) (OBJ-AT O1 P7-4) (OBJ-AT O1 P7-3) (OBJ-AT O1 P7-2) (OBJ-AT O1 P7-1) (OBJ-AT O1 P6-7) (OBJ-AT O1 P6-6) (OBJ-AT O1 P6-5) (OBJ-AT O1 P6-4) (OBJ-AT O1 P6-3) (OBJ-AT O1 P6-2) (OBJ-AT O1 P6-1) (OBJ-AT O1 P5-7) (OBJ-AT O1 P5-6) (OBJ-AT O1 P5-4) (OBJ-AT O1 P5-3) (OBJ-AT O1 P5-2) (OBJ-AT O1 P5-1) (OBJ-AT O1 P4-7) (OBJ-AT O1 P3-5) (OBJ-AT O1 P2-8) 
H:142


Cueing down from goal distance:  142 into depth [1]
                                 111            [1]
                                 107            [1]
                                 106            [1]
                                  99            [1]
                                  88            [1][2][3][4][5][6][7]
                                  87            [1][2][3][4][5][6][7][8][9]TimeOut
now_time:3600.0465994909755
