                                 894            [1]
                                 893            [1]
                                 892            [1]
                                 891            [1]
                                 890            [1]
                                 889            [1]
                                 888            [1]
                                 887            [1]
                                 886            [1]
                                 885            [1]
                                 884            [1]
                                 883            [1]
                                 882            [1]
                                 881            [1]
                                 880            [1]
                                 879            [1]
                                 878            [1]
                                 877            [1]
                                 876            [1]
                                 875            [1]
                                 874            [1]
                                 873            [1]
                                 872            [1]
                                 871            [1]
                                 870            [1]
                                 869            [1]
                                 868            [1]
                                 867            [1]
                                 866            [1]
                                 838            [1]
                                 815            [1]
                                 793            [1]
                                 770            [1]
                                 745            [1]
                                 730            [1]
                                 702            [1]
                                 680            [1]
                                 660            [1]
                                 644            [1]
                                 628            [1]
                                 603            [1]
                                 592            [1]
                                 563            [1]
                                 536            [1]
                                 514            [1]
                                 494            [1]
                                 471            [1]
                                 450            [1]
                                 423            [1]
                                 388            [1]
                                 359            [1]
                                 342            [1]
                                 313            [1]
                                 294            [1]
                                 265            [1]
                                 243            [1]
                                 174            [1]
                                 170            [1]
                                 153            [1]
                                 134            [1]
                                 116            [1]
                                 100            [1]
                                  95            [1]
                                  73            [1]
                                  65            [1]
                                  53            [1]
                                  52            [1]
                                  48            [1]
                                  40            [1]
                                  39            [1]
                                  38            [1]
                                  37            [1]
                                  36            [1]
                                  35            [1]
                                  34            [1]
                                  33            [1]
                                  32            [1]
                                  31            [1]
                                  30            [1]
                                  29            [1]
                                  28            [1]
                                  27            [1]
                                  26            [1]
                                  25            [1]
                                  24            [1]
                                  23            [1]
                                  22            [1]
                                  21            [1][2]
                                  20            [1]
                                  19            [1]
                                  18            [1]
                                  17            [1][2]
                                  16            [1][2]
                                  15            [1][2]
                                  14            [1][2]
                                  13            [1]
                                  12            [1]
                                  10            [1][2]
                                   9            [1][2]
                                   8            [1][2]
                                   7            [1][2]
                                   6            [1]
                                   5            [1]
                                   4            [1][2]
                                   3            [1][2]
                                   2            [1]
                                   0            

ff: found legal plan as follows
规划长度：124

var_size: 15124

当前收集的断言数：5002

1
找到反例！


第36次迭代
当前初始状态:
F:4 U:72
num_Or:781
参数大于2的OR: 
(AT N40) (AT N39) (AT N38) (AT N37) (AT N36) (AT N35) (AT N34) (AT N33) (AT N32) (AT N31) (AT N30) (AT N29) (AT N28) (AT N26) (AT N25) (AT N24) (AT N22) (AT N21) (AT N20) (AT N19) (AT N18) (AT N17) (AT N16) (AT N15) (AT N14) (AT N13) (AT N11) (AT N10) (AT N9) (AT N8) (AT N7) (AT N6) (AT N5) (AT N4) (AT N2) (AT N1) 
H:931


Cueing down from goal distance:  931 into depth [1]
                                 920            [1]
                                 919            [1]
                                 918            [1]
                                 917            [1]
                                 916            [1]
                                 915            [1]
                                 914            [1]
                                 913            [1]
                                 912            [1]
                                 911            [1]
                                 910            [1]
                                 909            [1]
                                 908            [1]
                                 907            [1]
                                 906            [1]
                                 905            [1]
                                 904            [1]
                                 903            [1]
                                 902            [1]
                                 901            [1]
                                 900            [1]
                                 899            [1]
                                 898            [1]
                                 897            [1]
                                 896            [1]
                                 895            [1]
                                 894            [1]
                                 893            [1]
                                 892            [1]
                                 891            [1]
                                 890            [1]
                                 889            [1]
                                 888            [1]
                                 887            [1]
                                 886            [1]
                                 885            [1]
                                 857            [1]
                                 832            [1]
                                 809            [1]
                                 788            [1]
                                 762            [1]
                                 751            [1]
                                 721            [1]
                                 699            [1]
                                 676            [1]
                                 661            [1]
                                 651            [1]
                                 628            [1]
                                 603            [1]
                                 592            [1]
                                 563            [1]
                                 536            [1]
                                 514            [1]
                                 494            [1]
                                 471            [1]
                                 450            [1]
                                 423            [1]
                                 388            [1]
                                 359            [1]
                                 342            [1]
                                 313            [1]
                                 294            [1]
                                 265            [1]
                                 243            [1]
                                 174            [1]
                                 170            [1]
                                 153            [1]
                                 134            [1]
                                 116            [1]
                                 100            [1]
                                  95            [1]
                                  73            [1]
                                  65            [1]
                                  53            [1]
                                  52            [1]
                                  48            [1]
                                  40            [1]
                                  39            [1]
                                  38            [1]
                                  37            [1]
                                  36            [1]
                                  35            [1]
                                  34            [1]
                                  33            [1]
                                  32            [1]
                                  31            [1]
                                  30            [1]
                                  29            [1]
                                  28            [1]
                                  27            [1]
                                  26            [1]
                                  25            [1]
                                  24            [1]
                                  23            [1]
                                  22            [1]
                                  21            [1][2]
                                  20            [1]
                                  19            [1]
                                  18            [1]
                                  17            [1][2]
                                  16            [1][2]
                                  15            [1][2]
                                  14            [1][2]
                                  13            [1]
                                  12            [1]
                                  10            [1][2]
                                   9            [1][2]
                                   8            [1][2]
                                   7            [1][2]
                                   6            [1]
                                   5            [1]
                                   4            [1][2]
                                   3            [1][2]
                                   2            [1]
                                   0            

ff: found legal plan as follows
规划长度：126

var_size: 15366

当前收集的断言数：5082

1
找到反例！


第37次迭代
当前初始状态:
F:3 U:74
num_Or:781
参数大于2的OR: 
(AT N40) (AT N39) (AT N38) (AT N37) (AT N36) (AT N35) (AT N34) (AT N33) (AT N32) (AT N31) (AT N30) (AT N29) (AT N28) (AT N26) (AT N25) (AT N24) (AT N23) (AT N22) (AT N21) (AT N20) (AT N19) (AT N18) (AT N17) (AT N16) (AT N15) (AT N14) (AT N13) (AT N11) (AT N10) (AT N9) (AT N8) (AT N7) (AT N6) (AT N5) (AT N4) (AT N2) (AT N1) 
H:951


Cueing down from goal distance:  951 into depth [1]
                                 939            [1]
                                 938            [1]
                                 937            [1]
                                 936            [1]
                                 935            [1]
                                 934            [1]
                                 933            [1]
                                 932            [1]
                                 931            [1]
                                 930            [1]
                                 929            [1]
                                 928            [1]
                                 927            [1]
                                 926            [1]
                                 925            [1]
                                 924            [1]
                                 923            [1]
                                 922            [1]
                                 921            [1]
                                 920            [1]
                                 919            [1]
                                 918            [1]
                                 917            [1]
                                 916            [1]
                                 915            [1]
                                 914            [1]
                                 913            [1]
                                 912            [1]
                                 911            [1]
                                 910            [1]
                                 909            [1]
                                 908            [1]
                                 907            [1]
                                 906            [1]
                                 905            [1]
                                 904            [1]
                                 903            [1]
                                 875            [1]
                                 851            [1]
                                 828            [1]
                                 807            [1]
                                 782            [1]
                                 771            [1]
                                 740            [1]
                                 719            [1]
                                 696            [1]
                                 680            [1]
                                 668            [1]
                                 645            [1]
                                 622            [1]
                                 612            [1]
                                 584            [1]
                                 557            [1]
                                 537            [1]
                                 517            [1]
                                 494            [1]
                                 471            [1]
                                 450            [1]
                                 423            [1]
                                 388            [1]
                                 359            [1]
                                 342            [1]
                                 313            [1]
                                 294            [1]
                                 265            [1]
                                 243            [1]
                                 174            [1]
                                 170            [1]
                                 153            [1]
                                 134            [1]
                                 116            [1]
                                 100            [1]
                                  95            [1]
                                  73            [1]
                                  65            [1]
                                  53            [1]
                                  52            [1]
                                  48            [1]
                                  40            [1]
                                  39            [1]
                                  38            [1]
                                  37            [1]
                                  36            [1]
                                  35            [1]
                                  34            [1]
                                  33            [1]
                                  32            [1]
                                  31            [1]
                                  30            [1]
                                  29            [1]
                                  28            [1]
                                  27            [1]
                                  26            [1]
                                  25            [1]
                                  24            [1]
                                  23            [1]
                                  22            [1]
                                  21            [1][2]
                                  20            [1]
                                  19            [1]
                                  18            [1]
                                  17            [1][2]
                                  16            [1][2]
                                  15            [1][2]
                                  14            [1][2]
                                  13            [1]
                                  12            [1]
                                  10            [1][2]
                                   9            [1][2]
                                   8            [1][2]
                                   7            [1][2]
                                   6            [1]
                                   5            [1]
                                   4            [1][2]
                                   3            [1][2]
                                   2            [1]
                                   0            

ff: found legal plan as follows
规划长度：128

var_size: 15608

当前收集的断言数：5162

1
找到反例！


第38次迭代
当前初始状态:
F:2 U:76
num_Or:781
参数大于2的OR: 
(AT N40) (AT N39) (AT N38) (AT N37) (AT N36) (AT N35) (AT N34) (AT N33) (AT N32) (AT N31) (AT N30) (AT N29) (AT N28) (AT N27) (AT N26) (AT N25) (AT N24) (AT N23) (AT N22) (AT N21) (AT N20) (AT N19) (AT N18) (AT N17) (AT N16) (AT N15) (AT N14) (AT N13) (AT N11) (AT N10) (AT N9) (AT N8) (AT N7) (AT N6) (AT N5) (AT N4) (AT N2) (AT N1) 
H:971


Cueing down from goal distance:  971 into depth [1]
                                 958            [1]
                                 957            [1]
                                 956            [1]
                                 955            [1]
                                 954            [1]
                                 953            [1]
                                 952            [1]
                                 951            [1]
                                 950            [1]
                                 949            [1]
                                 948            [1]
                                 947            [1]
                                 946            [1]
                                 945            [1]
                                 944            [1]
                                 943            [1]
                                 942            [1]
                                 941            [1]
                                 940            [1]
                                 939            [1]
                                 938            [1]
                                 937            [1]
                                 936            [1]
                                 935            [1]
                                 934            [1]
                                 933            [1]
                                 932            [1]
                                 931            [1]
                                 930            [1]
                                 929            [1]
                                 928            [1]
                                 927            [1]
                                 926            [1]
                                 925            [1]
                                 924            [1]
                                 923            [1]
                                 922            [1]
                                 921            [1]
                                 894            [1]
                                 869            [1]
                                 846            [1]
                                 824            [1]
                                 799            [1]
                                 788            [1]
                                 757            [1]
                                 736            [1]
                                 716            [1]
                                 702            [1]
                                 688            [1]
                                 665            [1]
                                 641            [1]
                                 635            [1]
                                 607            [1]
                                 590            [1]
                                 561            [1]
                                 537            [1]
                                 517            [1]
                                 494            [1]
                                 471            [1]
                                 450            [1]
                                 423            [1]
                                 388            [1]
                                 359            [1]
                                 342            [1]
                                 313            [1]
                                 294            [1]
                                 265            [1]
                                 243            [1]
                                 174            [1]
                                 170            [1]
                                 153            [1]
                                 134            [1]
                                 116            [1]
                                 100            [1]
                                  95            [1]
                                  73            [1]
                                  65            [1]
                                  53            [1]
                                  52            [1]
                                  48            [1]
                                  40            [1]
                                  39            [1]
                                  38            [1]
                                  37            [1]
                                  36            [1]
                                  35            [1]
                                  34            [1]
                                  33            [1]
                                  32            [1]
                                  31            [1]
                                  30            [1]
                                  29            [1]
                                  28            [1]
                                  27            [1]
                                  26            [1]
                                  25            [1]
                                  24            [1]
                                  23            [1]
                                  22            [1]
                                  21            [1][2]
                                  20            [1]
                                  19            [1]
                                  18            [1]
                                  17            [1][2]
                                  16            [1][2]
                                  15            [1][2]
                                  14            [1][2]
                                  13            [1]
                                  12            [1]
                                  10            [1][2]
                                   9            [1][2]
                                   8            [1][2]
                                   7            [1][2]
                                   6            [1]
                                   5            [1]
                                   4            [1][2]
                                   3            [1][2]
                                   2            [1]
                                   0            

ff: found legal plan as follows
规划长度：130

var_size: 15850

当前收集的断言数：5242

1
找到反例！


第39次迭代
当前初始状态:
F:1 U:78
num_Or:781
参数大于2的OR: 
(AT N40) (AT N39) (AT N38) (AT N37) (AT N36) (AT N35) (AT N34) (AT N33) (AT N32) (AT N31) (AT N30) (AT N29) (AT N28) (AT N27) (AT N26) (AT N25) (AT N24) (AT N23) (AT N22) (AT N21) (AT N20) (AT N19) (AT N18) (AT N17) (AT N16) (AT N15) (AT N14) (AT N13) (AT N12) (AT N11) (AT N10) (AT N9) (AT N8) (AT N7) (AT N6) (AT N5) (AT N4) (AT N2) (AT N1) 
H:991


Cueing down from goal distance:  991 into depth [1]
                                 983            [1]
                                 982            [1]
                                 981            [1]
                                 980            [1]
                                 979            [1]
                                 978            [1]
                                 977            [1]
                                 976            [1]
                                 975            [1]
                                 974            [1]
                                 973            [1]
                                 972            [1]
                                 971            [1]
                                 970            [1]
                                 969            [1]
                                 968            [1]
                                 967            [1]
                                 966            [1]
                                 965            [1]
                                 964            [1]
                                 963            [1]
                                 962            [1]
                                 961            [1]
                                 960            [1]
                                 959            [1]
                                 958            [1]
                                 957            [1]
                                 956            [1]
                                 955            [1]
                                 954            [1]
                                 953            [1]
                                 952            [1]
                                 951            [1]
                                 950            [1]
                                 949            [1]
                                 948            [1]
                                 947            [1]
                                 946            [1]
                                 945            [1]
                                 918            [1]
                                 893            [1]
                                 872            [1]
                                 847            [1]
                                 824            [1]
                                 814            [1]
                                 781            [1]
                                 763            [1]
                                 748            [1]
                                 737            [1]
                                 715            [1]
                                 694            [1]
                                 671            [1]
                                 663            [1]
                                 635            [1]
                                 619            [1]
                                 592            [1]
                                 567            [1]
                                 547            [1]
                                 524            [1]
                                 505            [1]
                                 483            [1]
                                 457            [1]
                                 422            [1]
                                 395            [1]
                                 377            [1]
                                 351            [1]
                                 334            [1]
                                 309            [1]
                                 286            [1]
                                 243            [1]
                                 174            [1]
                                 170            [1]
                                 153            [1]
                                 134            [1]
                                 116            [1]
                                 100            [1]
                                  95            [1]
                                  73            [1]
                                  65            [1]
                                  53            [1]
                                  52            [1]
                                  48            [1]
                                  40            [1]
                                  39            [1]
                                  38            [1]
                                  37            [1]
                                  36            [1]
                                  35            [1]
                                  34            [1]
                                  33            [1]
                                  32            [1]
                                  31            [1]
                                  30            [1]
                                  29            [1]
                                  28            [1]
                                  27            [1]
                                  26            [1]
                                  25            [1]
                                  24            [1]
                                  23            [1]
                                  22            [1]
                                  21            [1][2]
                                  20            [1]
                                  19            [1]
                                  18            [1]
                                  17            [1][2]
                                  16            [1][2]
                                  15            [1][2]
                                  14            [1][2]
                                  13            [1]
                                  12            [1]
                                  10            [1][2]
                                   9            [1][2]
                                   8            [1][2]
                                   7            [1][2]
                                   6            [1]
                                   5            [1]
                                   4            [1][2]
                                   3            [1][2]
                                   2            [1]
                                   0            

ff: found legal plan as follows
规划长度：132

var_size: 16092

当前收集的断言数：5322

1
找到反例！


第40次迭代
当前初始状态:
F:0 U:80
num_Or:781
参数大于2的OR: 
(AT N40) (AT N39) (AT N38) (AT N37) (AT N36) (AT N35) (AT N34) (AT N33) (AT N32) (AT N31) (AT N30) (AT N29) (AT N28) (AT N27) (AT N26) (AT N25) (AT N24) (AT N23) (AT N22) (AT N21) (AT N20) (AT N19) (AT N18) (AT N17) (AT N16) (AT N15) (AT N14) (AT N13) (AT N12) (AT N11) (AT N10) (AT N9) (AT N8) (AT N7) (AT N6) (AT N5) (AT N4) (AT N3) (AT N2) (AT N1) 
H:1012


Cueing down from goal distance: 1012 into depth [1]
                                1005            [1]
                                1004            [1]
                                1003            [1]
                                1002            [1]
                                1001            [1]
                                1000            [1]
                                 999            [1]
                                 998            [1]
                                 997            [1]
                                 996            [1]
                                 995            [1]
                                 994            [1]
                                 993            [1]
                                 992            [1]
                                 991            [1]
                                 990            [1]
                                 989            [1]
                                 988            [1]
                                 987            [1]
                                 986            [1]
                                 985            [1]
                                 984            [1]
                                 983            [1]
                                 982            [1]
                                 981            [1]
                                 980            [1]
                                 979            [1]
                                 978            [1]
                                 977            [1]
                                 976            [1]
                                 975            [1]
                                 974            [1]
                                 973            [1]
                                 972            [1]
                                 971            [1]
                                 970            [1]
                                 969            [1]
                                 968            [1]
                                 967            [1]
                                 966            [1]
                                 939            [1]
                                 914            [1]
                                 893            [1]
                                 867            [1]
                                 844            [1]
                                 834            [1]
                                 802            [1]
                                 785            [1]
                                 769            [1]
                                 758            [1]
                                 739            [1]
                                 719            [1]
                                 696            [1]
                                 681            [1]
                                 654            [1]
                                 636            [1]
                                 614            [1]
                                 586            [1]
                                 567            [1]
                                 547            [1]
                                 524            [1]
                                 505            [1]
                                 483            [1]
                                 457            [1]
                                 422            [1]
                                 395            [1]
                                 377            [1]
                                 351            [1]
                                 334            [1]
                                 309            [1]
                                 286            [1]
                                 243            [1]
                                 174            [1]
                                 170            [1]
                                 153            [1]
                                 134            [1]
                                 116            [1]
                                 100            [1]
                                  95            [1]
                                  73            [1]
                                  65            [1]
                                  53            [1]
                                  52            [1]
                                  48            [1]
                                  40            [1]
                                  39            [1]
                                  38            [1]
                                  37            [1]
                                  36            [1]
                                  35            [1]
                                  34            [1]
                                  33            [1]
                                  32            [1]
                                  31            [1]
                                  30            [1]
                                  29            [1]
                                  28            [1]
                                  27            [1]
                                  26            [1]
                                  25            [1]
                                  24            [1]
                                  23            [1]
                                  22            [1]
                                  21            [1][2]
                                  20            [1]
                                  19            [1]
                                  18            [1]
                                  17            [1][2]
                                  16            [1][2]
                                  15            [1][2]
                                  14            [1][2]
                                  13            [1]
                                  12            [1]
                                  10            [1][2]
                                   9            [1][2]
                                   8            [1][2]
                                   7            [1][2]
                                   6            [1]
                                   5            [1]
                                   4            [1][2]
                                   3            [1][2]
                                   2            [1]
                                   0            

ff: found legal plan as follows
规划长度：134

var_size: 16334

当前收集的断言数：5402

-1
unsat
没有反例，找到最终解！




ff: found legal plan as follows

step    0: START N40
        1: START N39
        2: START N38
        3: START N37
        4: START N36
        5: START N35
        6: START N34
        7: START N33
        8: START N32
        9: START N31
       10: START N30
       11: START N29
       12: START N28
       13: START N27
       14: START N26
       15: START N25
       16: START N24
       17: START N23
       18: START N22
       19: START N21
       20: START N20
       21: START N19
       22: START N18
       23: START N17
       24: START N16
       25: START N15
       26: START N14
       27: START N13
       28: START N12
       29: START N11
       30: START N10
       31: START N9
       32: START N8
       33: START N7
       34: START N6
       35: START N5
       36: START N4
       37: START N3
       38: START N2
       39: START N1
       40: TRAVEL N39 N40
       41: TRAVEL N38 N8
       42: TRAVEL N8 N40
       43: TRAVEL N37 N36
       44: TRAVEL N36 N40
       45: TRAVEL N35 N40
       46: TRAVEL N34 N5
       47: TRAVEL N5 N40
       48: TRAVEL N33 N40
       49: TRAVEL N32 N40
       50: TRAVEL N31 N30
       51: TRAVEL N30 N40
       52: TRAVEL N29 N40
       53: TRAVEL N28 N4
       54: TRAVEL N4 N40
       55: TRAVEL N27 N3
       56: TRAVEL N3 N40
       57: TRAVEL N26 N40
       58: TRAVEL N25 N40
       59: TRAVEL N24 N40
       60: TRAVEL N23 N40
       61: TRAVEL N22 N40
       62: TRAVEL N21 N17
       63: TRAVEL N17 N40
       64: TRAVEL N20 N40
       65: TRAVEL N19 N40
       66: TRAVEL N18 N15
       67: TRAVEL N15 N40
       68: TRAVEL N16 N14
       69: TRAVEL N14 N40
       70: TRAVEL N13 N40
       71: TRAVEL N12 N40
       72: TRAVEL N10 N32
       73: TRAVEL N11 N36
       74: TRAVEL N36 N40
       75: TRAVEL N32 N40
       76: TRAVEL N9 N36
       77: TRAVEL N36 N40
       78: TRAVEL N7 N35
       79: TRAVEL N35 N40
       80: TRAVEL N40 N38
       81: TRAVEL N6 N2
       82: TRAVEL N1 N28
       83: TRAVEL N2 N28
       84: TRAVEL N28 N38
       85: TRAVEL N38 N3
       86: TRAVEL N3 N7
       87: TRAVEL N7 N6
       88: TRAVEL N6 N1
       89: TRAVEL N1 N9
       90: TRAVEL N9 N12
       91: TRAVEL N12 N5
       92: TRAVEL N5 N2
       93: TRAVEL N2 N13
       94: TRAVEL N13 N10
       95: TRAVEL N10 N15
       96: TRAVEL N15 N16
       97: TRAVEL N16 N21
       98: TRAVEL N21 N17
       99: TRAVEL N17 N23
      100: TRAVEL N23 N29
      101: TRAVEL N29 N27
      102: TRAVEL N27 N32
      103: TRAVEL N32 N35
      104: TRAVEL N35 N4
      105: TRAVEL N4 N38
      106: TRAVEL N38 N37
      107: TRAVEL N37 N20
      108: TRAVEL N20 N24
      109: TRAVEL N24 N8
      110: TRAVEL N8 N37
      111: TRAVEL N37 N18
      112: TRAVEL N18 N17
      113: TRAVEL N17 N11
      114: TRAVEL N11 N37
      115: TRAVEL N37 N19
      116: TRAVEL N19 N28
      117: TRAVEL N28 N22
      118: TRAVEL N22 N25
      119: TRAVEL N25 N14
      120: TRAVEL N14 N37
      121: TRAVEL N37 N30
      122: TRAVEL N30 N37
      123: TRAVEL N37 N31
      124: TRAVEL N31 N37
      125: TRAVEL N37 N36
      126: TRAVEL N36 N33
      127: TRAVEL N33 N39
      128: TRAVEL N39 N35
      129: TRAVEL N35 N26
      130: TRAVEL N26 N32
      131: TRAVEL N32 N34
      132: TRAVEL N34 N36
      133: TRAVEL N36 N40
     

statistics:    0.00 seconds instantiating 1640 easy, 0 hard action templates
               0.00 seconds reachability analysis, yielding 121 facts and 1640 actions
               0.00 seconds creating final representation with 121 relevant facts (121 max U, 81 CNF max U)
               0.00 seconds building connectivity graph
              48.72 seconds (  47.95 pure) evaluating 9789 states, to a max depth of 2
               0.77 seconds in DP for 183604 RPG ini state implication checks
               0.00 seconds in DP for 0 RPlan extract ini state implication checks (0 lits removed)
               1.06 seconds generating,    0.67 seconds encoding 331836 state transition base CNFs
              75.01 seconds in DP solving 710700 state transition CNFs
               0.00 seconds checking for self-contradictions, including 0 DP calls
              19.56 seconds checking for stagnating states (11416 hits), including 6636518 DP calls
            1068.13 seconds altogether checking for dominated states making 653078 comparisons (636948 conformant, 2085 hits),
                    spending  597.79 seconds doing 37959380 DP calls
            45490202 total DP calls, 48144640 total UP calls,  239.88 sec membership
               3.49 seconds for remaining searching duties
            1216.64 seconds total time (+    1.02 secs for CNF memory allocation)

初始目标状态
Fold:0 Uold:80
num_Orold:781
参数大于2的OR: 
(AT N40) (AT N39) (AT N38) (AT N37) (AT N36) (AT N35) (AT N34) (AT N33) (AT N32) (AT N31) (AT N30) (AT N29) (AT N28) (AT N27) (AT N26) (AT N25) (AT N24) (AT N23) (AT N22) (AT N21) (AT N20) (AT N19) (AT N18) (AT N17) (AT N16) (AT N15) (AT N14) (AT N13) (AT N12) (AT N11) (AT N10) (AT N9) (AT N8) (AT N7) (AT N6) (AT N5) (AT N4) (AT N3) (AT N2) (AT N1) 


当前反例添加的目标状态
Fcur:0 Ucur:80
num_Orcur:781
参数大于2的OR: 
(AT N40) (AT N39) (AT N38) (AT N37) (AT N36) (AT N35) (AT N34) (AT N33) (AT N32) (AT N31) (AT N30) (AT N29) (AT N28) (AT N27) (AT N26) (AT N25) (AT N24) (AT N23) (AT N22) (AT N21) (AT N20) (AT N19) (AT N18) (AT N17) (AT N16) (AT N15) (AT N14) (AT N13) (AT N12) (AT N11) (AT N10) (AT N9) (AT N8) (AT N7) (AT N6) (AT N5) (AT N4) (AT N3) (AT N2) (AT N1) 


counter_time:31.71
plan length:134
iteration:40
now_time:1264.9918624259299
