                                  33            [1]
                                  32            [1]
                                  31            [1]
                                  30            [1]
                                  29            [1]
                                  28            [1][2]
                                  27            [1]
                                  26            [1]
                                  25            [1]
                                  24            [1]
                                  23            [1]
                                  22            [1]
                                  21            [1]
                                  20            [1]
                                  19            [1]
                                  17            [1][2]
                                  16            [1][2]
                                  15            [1][2]
                                  14            [1][2]
                                  13            [1][2]
                                  12            [1][2]
                                  11            [1][2]
                                  10            [1]
                                   9            [1]
                                   8            [1]
                                   7            [1]
                                   6            [1]
                                   5            [1][2]
                                   4            [1]
                                   3            [1]
                                   2            [1]
                                   0            

ff: found legal plan as follows
规划长度：71

var_size: 10871

当前收集的断言数：3602

1
找到反例！


第7次迭代
当前初始状态:
F:43 U:14
num_Or:1226
参数大于2的OR: 
(AT N50) (AT N48) (AT N45) (AT N44) (AT N37) (AT N29) (AT N17) 
H:144


Cueing down from goal distance:  144 into depth [1][2][3]
                                 143            [1]
                                 142            [1]
                                 141            [1]
                                 140            [1]
                                 139            [1]
                                 126            [1]
                                  99            [1]
                                  75            [1]
                                  67            [1]
                                  62            [1][2]
                                  61            [1]
                                  60            [1]
                                  50            [1]
                                  49            [1]
                                  48            [1]
                                  47            [1]
                                  46            [1]
                                  45            [1]
                                  44            [1]
                                  43            [1]
                                  42            [1]
                                  41            [1]
                                  40            [1]
                                  39            [1]
                                  38            [1]
                                  37            [1]
                                  36            [1]
                                  35            [1]
                                  34            [1]
                                  33            [1]
                                  32            [1][2]
                                  31            [1]
                                  30            [1]
                                  29            [1]
                                  28            [1]
                                  27            [1]
                                  26            [1]
                                  25            [1]
                                  24            [1]
                                  23            [1]
                                  22            [1][2]
                                  21            [1][2]
                                  20            [1][2]
                                  19            [1][2]
                                  18            [1][2]
                                  17            [1][2]
                                  16            [1][2]
                                  15            [1]
                                  14            [1][2]
                                  13            [1]
                                  12            [1]
                                  11            [1][2]
                                  10            [1][2]
                                   9            [1]
                                   8            [1]
                                   7            [1]
                                   6            [1]
                                   5            [1]
                                   4            [1]
                                   3            [1]
                                   2            [1]
                                   0            

ff: found legal plan as follows
规划长度：76

var_size: 11626

当前收集的断言数：3852

1
找到反例！


第8次迭代
当前初始状态:
F:42 U:16
num_Or:1226
参数大于2的OR: 
(AT N50) (AT N48) (AT N45) (AT N44) (AT N37) (AT N29) (AT N17) (AT N12) 
H:307


Cueing down from goal distance:  307 into depth [1][2][3][4][5][6][7][8]
                                 306            [1]
                                 277            [1]
                                 239            [1]
                                 139            [1]
                                  75            [1]
                                  74            [1]
                                  73            [1]
                                  67            [1]
                                  66            [1]
                                  63            [1]
                                  60            [1]
                                  50            [1]
                                  49            [1]
                                  48            [1]
                                  47            [1]
                                  46            [1]
                                  45            [1]
                                  44            [1]
                                  43            [1]
                                  42            [1]
                                  41            [1]
                                  40            [1]
                                  39            [1]
                                  38            [1]
                                  37            [1]
                                  36            [1]
                                  35            [1]
                                  34            [1]
                                  33            [1]
                                  32            [1][2]
                                  31            [1]
                                  30            [1]
                                  29            [1]
                                  28            [1]
                                  27            [1]
                                  26            [1]
                                  25            [1]
                                  24            [1]
                                  23            [1]
                                  22            [1][2]
                                  21            [1][2]
                                  20            [1][2]
                                  19            [1][2]
                                  18            [1][2]
                                  17            [1][2]
                                  16            [1][2]
                                  15            [1]
                                  14            [1][2]
                                  13            [1]
                                  12            [1]
                                  11            [1][2]
                                  10            [1][2]
                                   9            [1]
                                   8            [1]
                                   7            [1]
                                   6            [1]
                                   5            [1]
                                   4            [1]
                                   3            [1]
                                   2            [1]
                                   0            

ff: found legal plan as follows
规划长度：79

var_size: 12079

当前收集的断言数：4002

1
找到反例！


第9次迭代
当前初始状态:
F:41 U:18
num_Or:1226
参数大于2的OR: 
(AT N50) (AT N48) (AT N45) (AT N44) (AT N37) (AT N29) (AT N17) (AT N12) (AT N9) 
H:332


Cueing down from goal distance:  332 into depth [1][2][3][4][5][6][7][8][9][10]
                                 322            [1]
                                 284            [1]
                                 164            [1]
                                  82            [1]
                                  81            [1]
                                  68            [1]
                                  67            [1]
                                  64            [1]
                                  62            [1]
                                  60            [1]
                                  59            [1]
                                  58            [1]
                                  50            [1]
                                  49            [1]
                                  48            [1]
                                  47            [1]
                                  46            [1]
                                  45            [1]
                                  44            [1]
                                  43            [1]
                                  42            [1]
                                  41            [1]
                                  40            [1]
                                  39            [1]
                                  38            [1]
                                  37            [1]
                                  36            [1]
                                  35            [1]
                                  34            [1]
                                  33            [1]
                                  32            [1][2]
                                  31            [1]
                                  30            [1]
                                  29            [1]
                                  28            [1]
                                  27            [1]
                                  26            [1]
                                  25            [1]
                                  24            [1]
                                  23            [1]
                                  22            [1][2]
                                  21            [1][2]
                                  20            [1][2]
                                  19            [1][2]
                                  18            [1][2]
                                  17            [1][2]
                                  16            [1][2]
                                  15            [1]
                                  14            [1][2]
                                  13            [1]
                                  12            [1]
                                  11            [1][2]
                                  10            [1][2]
                                   9            [1]
                                   8            [1]
                                   7            [1]
                                   6            [1]
                                   5            [1]
                                   4            [1]
                                   3            [1]
                                   2            [1]
                                   0            

ff: found legal plan as follows
规划长度：82

var_size: 12532

当前收集的断言数：4152

1
找到反例！


第10次迭代
当前初始状态:
F:40 U:20
num_Or:1226
参数大于2的OR: 
(AT N50) (AT N48) (AT N45) (AT N44) (AT N37) (AT N29) (AT N17) (AT N12) (AT N10) (AT N9) 
H:365


Cueing down from goal distance:  365 into depth [1][2][3][4][5][6][7][8][9][10][11]
                                 354            [1]
                                 317            [1]
                                 278            [1]
                                 245            [1]
                                 117            [1]
                                  86            [1]
                                  67            [1]
                                  63            [1]
                                  61            [1][2]
                                  59            [1]
                                  50            [1]
                                  49            [1]
                                  48            [1]
                                  47            [1]
                                  46            [1]
                                  45            [1]
                                  44            [1]
                                  43            [1]
                                  42            [1]
                                  41            [1]
                                  40            [1]
                                  39            [1]
                                  38            [1]
                                  37            [1]
                                  36            [1]
                                  35            [1]
                                  34            [1]
                                  33            [1]
                                  32            [1]
                                  31            [1]
                                  30            [1]
                                  29            [1]
                                  28            [1]
                                  27            [1]
                                  26            [1]
                                  25            [1]
                                  24            [1]
                                  23            [1]
                                  22            [1]
                                  21            [1]
                                  20            [1]
                                  19            [1][2]
                                  18            [1][2]
                                  17            [1][2]
                                  16            [1][2]
                                  15            [1][2]
                                  14            [1]
                                  13            [1]
                                  12            [1]
                                  11            [1]
                                  10            [1][2]
                                   9            [1]
                                   8            [1]
                                   7            [1][2]
                                   6            [1]
                                   5            [1]
                                   4            [1][2]
                                   3            [1]
                                   2            [1]
                                   0            

ff: found legal plan as follows
规划长度：79

var_size: 12079

当前收集的断言数：4002

1
找到反例！


第11次迭代
当前初始状态:
F:39 U:22
num_Or:1226
参数大于2的OR: 
(AT N50) (AT N48) (AT N45) (AT N44) (AT N37) (AT N29) (AT N21) (AT N17) (AT N12) (AT N10) (AT N9) 
H:398


Cueing down from goal distance:  398 into depth [1][2][3][4][5][6][7][8][9][10][11][12]
                                 388            [1]
                                 348            [1]
                                 311            [1]
                                 288            [1]
                                 245            [1]
                                 139            [1]
                                  93            [1]
                                  64            [1]
                                  62            [1]
                                  61            [1]
                                  59            [1]
                                  50            [1]
                                  49            [1]
                                  48            [1]
                                  47            [1]
                                  46            [1]
                                  45            [1]
                                  44            [1]
                                  43            [1]
                                  42            [1]
                                  41            [1]
                                  40            [1]
                                  39            [1]
                                  38            [1]
                                  37            [1]
                                  36            [1]
                                  35            [1]
                                  34            [1]
                                  33            [1]
                                  32            [1]
                                  31            [1]
                                  30            [1]
                                  29            [1]
                                  28            [1]
                                  27            [1]
                                  26            [1]
                                  25            [1]
                                  24            [1]
                                  23            [1]
                                  22            [1]
                                  21            [1]
                                  20            [1]
                                  19            [1]
                                  18            [1]
                                  17            [1]
                                  16            [1]
                                  15            [1]
                                  14            [1]
                                  13            [1]
                                  12            [1]
                                  11            [1]
                                  10            [1]
                                   9            [1]
                                   8            [1]
                                   7            [1]
                                   6            [1]
                                   5            [1]
                                   4            [1]
                                   3            [1]
                                   2            [1]
                                   0            

ff: found legal plan as follows
规划长度：72

var_size: 11022

当前收集的断言数：3652

1
找到反例！


第12次迭代
当前初始状态:
F:38 U:24
num_Or:1226
参数大于2的OR: 
(AT N50) (AT N48) (AT N45) (AT N44) (AT N37) (AT N29) (AT N21) (AT N17) (AT N12) (AT N10) (AT N9) (AT N6) 
H:431


Cueing down from goal distance:  431 into depth [1][2][3][4][5][6][7][8][9][10][11][12][13]
                                 425            [1]
                                 381            [1]
                                 350            [1]
                                 329            [1]
                                 288            [1]
                                 161            [1]
                                 108            [1]
                                  71            [1]
                                  69            [1]
                                  68            [1]
                                  65            [1]
                                  64            [1]
                                  63            [1]
                                  62            [1][2]
                                  59            [1]
                                  50            [1]
                                  49            [1]
                                  48            [1]
                                  47            [1]
                                  46            [1]
                                  45            [1]
                                  44            [1]
                                  43            [1]
                                  42            [1]
                                  41            [1]
                                  40            [1]
                                  39            [1]
                                  38            [1]
                                  37            [1]
                                  36            [1]
                                  35            [1]
                                  34            [1]
                                  33            [1]
                                  32            [1]
                                  31            [1]
                                  30            [1]
                                  29            [1]
                                  28            [1]
                                  27            [1]
                                  26            [1]
                                  25            [1]
                                  24            [1]
                                  23            [1]
                                  22            [1]
                                  21            [1]
                                  20            [1][2]
                                  19            [1][2]
                                  18            [1][2]
                                  16            [1][2]
                                  15            [1][2]
                                  14            [1][2]
                                  13            [1][2]
                                  12            [1][2]
                                  11            [1][2]
                                  10            [1][2]
                                   9            [1][2]
                                   8            [1]
                                   7            [1][2]
                                   6            [1][2]
                                   5            [1][2]
                                   4            [1]
                                   3            [1]
                                   2            [1]
                                   0            

ff: found legal plan as follows
规划长度：91

var_size: 13891

当前收集的断言数：4602

1
找到反例！


第13次迭代
当前初始状态:
F:37 U:26
num_Or:1226
参数大于2的OR: 
(AT N50) (AT N48) (AT N45) (AT N44) (AT N37) (AT N29) (AT N21) (AT N19) (AT N17) (AT N12) (AT N10) (AT N9) (AT N6) 
H:453


Cueing down from goal distance:  453 into depth [1][2][3][4][5][6][7][8][9][10][11][12][13][14]
                                 446            [1]
                                 418            [1]
                                 382            [1]
                                 368            [1]
                                 323            [1]
                                 180            [1]
                                 159            [1]
                                 141            [1]
                                  99            [1]
                                  76            [1]
                                  75            [1]
                                  67            [1]
                                  65            [1]
                                  60            [1]
                                  59            [1]
                                  50            [1]
                                  49            [1]
                                  48            [1]
                                  47            [1]
                                  46            [1]
                                  45            [1]
                                  44            [1]
                                  43            [1]
                                  42            [1]
                                  41            [1]
                                  40            [1]
                                  39            [1]
                                  38            [1]
                                  37            [1]
                                  36            [1]
                                  35            [1]
                                  34            [1]
                                  33            [1]
                                  32            [1]
                                  31            [1]
                                  30            [1]
                                  29            [1]
                                  28            [1]
                                  27            [1]
                                  26            [1]
                                  25            [1]
                                  24            [1]
                                  23            [1]
                                  22            [1]
                                  21            [1]
                                  20            [1]
                                  19            [1][2]
                                  18            [1][2]
                                  17            [1][2]
                                  16            [1][2]
                                  15            [1][2]
                                  14            [1]
                                  13            [1]
                                  12            [1]
                                  11            [1]
                                  10            [1][2]
                                   9            [1]
                                   8            [1]
                                   7            [1][2]
                                   6            [1]
                                   5            [1]
                                   4            [1][2]
                                   3            [1]
                                   2            [1]
                                   0            

ff: found legal plan as follows
规划长度：86

var_size: 13136

当前收集的断言数：4352

1
找到反例！


第14次迭代
当前初始状态:
F:36 U:28
num_Or:1226
参数大于2的OR: 
(AT N50) (AT N48) (AT N45) (AT N44) (AT N37) (AT N29) (AT N21) (AT N19) (AT N17) (AT N12) (AT N10) (AT N9) (AT N6) (AT N3) 
H:485


Cueing down from goal distance:  485 into depth [1][2][3][4][5][6][7][8][9][10][11][12][13][14][15]
                                 479            [1]
                                 449            [1]
                                 416            [1]
                                 407            [1]
                                 366            [1]
                                 199            [1]
                                 179            [1]
                                 161            [1]
                                 109            [1]
                                  82            [1]
                                  71            [1]
                                  68            [1]
                                  64            [1]
                                  62            [1][2][3]
                                  61            [1]
                                  50            [1]
                                  49            [1]
                                  48            [1]
                                  47            [1]
                                  46            [1]
                                  45            [1]
                                  44            [1]
                                  43            [1]
                                  42            [1]
                                  41            [1]
                                  40            [1]
                                  39            [1]
                                  38            [1]
                                  37            [1]
                                  36            [1]
                                  35            [1]
                                  34            [1]
                                  33            [1]
                                  32            [1]
                                  31            [1]
                                  30            [1]
                                  29            [1]
                                  28            [1]
                                  27            [1]
                                  26            [1]
                                  25            [1]
                                  24            [1]
                                  23            [1]
                                  22            [1]
                                  21            [1]
                                  20            [1][2]
                                  19            [1][2]
                                  18            [1][2]
                                  16            [1][2]
                                  15            [1][2]
                                  14            [1][2]
                                  13            [1][2]
                                  12            [1][2]
                                  11            [1][2]
                                  10            [1][2]
                                   9            [1][2]
                                   8            [1]
                                   7            [1][2]
                                   6            [1][2]
                                   5            [1][2]
                                   4            [1]
                                   3            [1]
                                   2            [1]
                                   0            

ff: found legal plan as follows
规划长度：94

var_size: 14344

当前收集的断言数：4752

1
找到反例！


第15次迭代
当前初始状态:
F:35 U:30
num_Or:1226
参数大于2的OR: 
(AT N50) (AT N48) (AT N45) (AT N44) (AT N39) (AT N37) (AT N29) (AT N21) (AT N19) (AT N17) (AT N12) (AT N10) (AT N9) (AT N6) (AT N3) 
H:522


Cueing down from goal distance:  522 into depth [1][2][3][4][5][6][7][8][9][10][11][12][13][14][15][16]
                                 516            [1]
                                 479            [1]
                                 453            [1]
                                 416            [1]
                                 407            [1]
                                 366            [1]
                                 199            [1]
                                 179            [1]
                                 161            [1]
                                 109            [1]
                                  82            [1]
                                  71            [1]
                                  68            [1]
                                  64            [1]
                                  62            [1][2][3]
                                  61            [1]
                                  50            [1]
                                  49            [1]
                                  48            [1]
                                  47            [1]
                                  46            [1]
                                  45            [1]
                                  44            [1]
                                  43            [1]
                                  42            [1]
                                  41            [1]
                                  40            [1]
                                  39            [1]
                                  38            [1]
                                  37            [1]
                                  36            [1]
                                  35            [1]
                                  34            [1]
                                  33            [1]
                                  32            [1]
                                  31            [1]
                                  30            [1]
                                  29            [1]
                                  28            [1]
                                  27            [1]
                                  26            [1]
                                  25            [1]
                                  24            [1]
                                  23            [1]
                                  22            [1]
                                  21            [1]
                                  20            [1][2]
                                  19            [1][2]
                                  18            [1][2]
                                  16            [1][2]
                                  15            [1][2]
                                  14            [1][2]
                                  13            [1][2]
                                  12            [1][2]
                                  11            [1][2]
                                  10            [1][2]
                                   9            [1][2]
                                   8            [1]
                                   7            [1][2]
                                   6            [1][2]
                                   5            [1][2]
                                   4            [1]
                                   3            [1]
                                   2            [1]
                                   0            

ff: found legal plan as follows
规划长度：96

var_size: 14646

当前收集的断言数：4852

1
找到反例！


第16次迭代
当前初始状态:
F:34 U:32
num_Or:1226
参数大于2的OR: 
(AT N50) (AT N48) (AT N45) (AT N44) (AT N42) (AT N39) (AT N37) (AT N29) (AT N21) (AT N19) (AT N17) (AT N12) (AT N10) (AT N9) (AT N6) (AT N3) 
H:552


Cueing down from goal distance:  552 into depth [1][2][3][4][5][6][7][8][9][10][11][12][13][14][15][16][17]
                                 550            [1]
                                 506            [1]
                                 482            [1]
                                 461            [1]
                                 419            [1]
                                 371            [1]
                                 232            [1]
                                 206            [1]
                                 190            [1]
                                 175            [1]
                                 156            [1]
                                 122            [1]
                                  86            [1]
                                  85            [1]
                                  76            [1]
                                  66            [1]
                                  64            [1]
                                  63            [1]
                                  61            [1][2]
                                  59            [1]
                                  50            [1]
                                  49            [1]
                                  48            [1]
                                  47            [1]
                                  46            [1]
                                  45            [1]
                                  44            [1]
                                  43            [1]
                                  42            [1]
                                  41            [1]
                                  40            [1]
                                  39            [1]
                                  38            [1]
                                  37            [1]
                                  36            [1]
                                  35            [1]
                                  34            [1]
                                  33            [1]
                                  32            [1]
                                  31            [1]
                                  30            [1]
                                  29            [1]
                                  28            [1][2]
                                  27            [1]
                                  26            [1]
                                  25            [1]
                                  24            [1]
                                  23            [1]
                                  22            [1]
                                  21            [1]
                                  20            [1]
                                  19            [1]
                                  17            [1][2]
                                  16            [1][2]
                                  15            [1][2]
                                  14            [1][2]
                                  13            [1][2]
                                  12            [1][2]
                                  11            [1][2]
                                  10            [1]
                                   9            [1]
                                   8            [1]
                                   7            [1]
                                   6            [1]
                                   5            [1][2]
                                   4            [1]
                                   3            [1]
                                   2            [1]
                                   0            

ff: found legal plan as follows
规划长度：95

var_size: 14495

当前收集的断言数：4802

1
找到反例！


第17次迭代
当前初始状态:
F:33 U:34
num_Or:1226
参数大于2的OR: 
(AT N50) (AT N48) (AT N45) (AT N44) (AT N42) (AT N41) (AT N39) (AT N37) (AT N29) (AT N21) (AT N19) (AT N17) (AT N12) (AT N10) (AT N9) (AT N6) (AT N3) 
H:582


Cueing down from goal distance:  582 into depth [1][2][3][4][5][6][7][8][9][10][11][12][13][14][15][16][17][18]
                                 580            [1]
                                 536            [1]
                                 513            [1]
                                 493            [1]
                                 455            [1]
                                 419            [1]
                                 371            [1]
                                 232            [1]
                                 206            [1]
                                 190            [1]
                                 175            [1]
                                 156            [1]
                                 122            [1]
                                  86            [1]
                                  85            [1]
                                  76            [1]
                                  66            [1]
                                  64            [1]
                                  63            [1]
                                  61            [1][2]
                                  59            [1]
                                  50            [1]
                                  49            [1]
                                  48            [1]
                                  47            [1]
                                  46            [1]
                                  45            [1]
                                  44            [1]
                                  43            [1]
                                  42            [1]
                                  41            [1]
                                  40            [1]
                                  39            [1]
                                  38            [1]
                                  37            [1]
                                  36            [1]
                                  35            [1]
                                  34            [1]
                                  33            [1]
                                  32            [1]
                                  31            [1]
                                  30            [1]
                                  29            [1]
                                  28            [1][2]
                                  27            [1]
                                  26            [1]
                                  25            [1]
                                  24            [1]
                                  23            [1]
                                  22            [1]
                                  21            [1]
                                  20            [1]
                                  19            [1]
                                  17            [1][2]
                                  16            [1][2]
                                  15            [1][2]
                                  14            [1][2]
                                  13            [1][2]
                                  12            [1][2]
                                  11            [1][2]
                                  10            [1]
                                   9            [1]
                                   8            [1]
                                   7            [1]
                                   6            [1]
                                   5            [1][2]
                                   4            [1]
                                   3            [1]
                                   2            [1]
                                   0            

ff: found legal plan as follows
规划长度：97

var_size: 14797

当前收集的断言数：4902

1
找到反例！


第18次迭代
当前初始状态:
F:32 U:36
num_Or:1226
参数大于2的OR: 
(AT N50) (AT N48) (AT N46) (AT N45) (AT N44) (AT N42) (AT N41) (AT N39) (AT N37) (AT N29) (AT N21) (AT N19) (AT N17) (AT N12) (AT N10) (AT N9) (AT N6) (AT N3) 
H:605


Cueing down from goal distance:  605 into depth [1][2][3][4][5][6][7][8][9][10][11][12]TimeOut
now_time:3600.051807609969
