                                  54            [1]
                                  53            [1]
                                  52            [1]
                                  51            [1]
                                  50            [1]
                                  49            [1]
                                  48            [1]
                                  47            [1]
                                  46            [1]
                                  45            [1]
                                  44            [1]
                                  43            [1]
                                  42            [1]
                                  41            [1]
                                  40            [1]
                                  39            [1]
                                  38            [1]
                                  37            [1][2]
                                  36            [1]
                                  35            [1]
                                  34            [1]
                                  33            [1]
                                  32            [1]
                                  31            [1]
                                  30            [1]
                                  29            [1]
                                  28            [1]
                                  27            [1]
                                  26            [1]
                                  25            [1]
                                  24            [1]
                                  23            [1]
                                  22            [1]
                                  20            [1]
                                  19            [1][2]
                                  18            [1][2]
                                  17            [1][2]
                                  16            [1]
                                  15            [1]
                                  14            [1]
                                  13            [1]
                                  12            [1]
                                  11            [1]
                                   9            [1][2]
                                   8            [1]
                                   7            [1][2]
                                   6            [1]
                                   5            [1]
                                   4            [1][2]
                                   3            [1]
                                   2            [1]
                                   0            

ff: found legal plan as follows
规划长度：81

var_size: 14841

当前收集的断言数：4922

1
找到反例！


第9次迭代
当前初始状态:
F:51 U:18
num_Or:1771
参数大于2的OR: 
(AT N60) (AT N58) (AT N56) (AT N54) (AT N52) (AT N31) (AT N21) (AT N15) (AT N3) 
H:434


Cueing down from goal distance:  434 into depth [1]
                                 427            [1]
                                 426            [1]
                                 425            [1]
                                 424            [1]
                                 423            [1]
                                 422            [1]
                                 421            [1]
                                 420            [1]
                                 419            [1]
                                 400            [1]
                                 352            [1]
                                 321            [1]
                                 130            [1]
                                  85            [1]
                                  73            [1]
                                  72            [1][2]
                                  70            [1]
                                  60            [1]
                                  59            [1]
                                  58            [1]
                                  57            [1]
                                  56            [1]
                                  55            [1]
                                  54            [1]
                                  53            [1]
                                  52            [1]
                                  51            [1]
                                  50            [1]
                                  49            [1]
                                  48            [1]
                                  47            [1]
                                  46            [1]
                                  45            [1]
                                  44            [1]
                                  43            [1]
                                  42            [1]
                                  41            [1]
                                  40            [1]
                                  39            [1]
                                  38            [1]
                                  37            [1][2]
                                  36            [1]
                                  35            [1]
                                  34            [1]
                                  33            [1]
                                  32            [1]
                                  31            [1]
                                  30            [1]
                                  29            [1]
                                  28            [1]
                                  27            [1]
                                  26            [1]
                                  25            [1]
                                  24            [1]
                                  23            [1]
                                  22            [1]
                                  20            [1]
                                  19            [1][2]
                                  18            [1][2]
                                  17            [1][2]
                                  16            [1]
                                  15            [1]
                                  14            [1]
                                  13            [1]
                                  12            [1]
                                  11            [1]
                                   9            [1][2]
                                   8            [1]
                                   7            [1][2]
                                   6            [1]
                                   5            [1]
                                   4            [1][2]
                                   3            [1]
                                   2            [1]
                                   0            

ff: found legal plan as follows
规划长度：83

var_size: 15203

当前收集的断言数：5042

1
找到反例！


第10次迭代
当前初始状态:
F:50 U:20
num_Or:1771
参数大于2的OR: 
(AT N60) (AT N58) (AT N56) (AT N54) (AT N52) (AT N47) (AT N31) (AT N21) (AT N15) (AT N3) 
H:477


Cueing down from goal distance:  477 into depth [1][2]
                                 476            [1]
                                 475            [1]
                                 474            [1]
                                 473            [1]
                                 472            [1]
                                 471            [1]
                                 470            [1]
                                 469            [1]
                                 468            [1]
                                 444            [1]
                                 393            [1]
                                 364            [1]
                                 226            [1]
                                 225            [1]
                                  97            [1]
                                  78            [1]
                                  74            [1]
                                  73            [1]
                                  71            [1]
                                  60            [1]
                                  59            [1]
                                  58            [1]
                                  57            [1]
                                  56            [1]
                                  55            [1]
                                  54            [1]
                                  53            [1]
                                  52            [1]
                                  51            [1]
                                  50            [1]
                                  49            [1]
                                  48            [1]
                                  47            [1]
                                  46            [1]
                                  45            [1]
                                  44            [1]
                                  43            [1]
                                  42            [1]
                                  41            [1]
                                  40            [1]
                                  39            [1]
                                  38            [1]
                                  37            [1]
                                  36            [1]
                                  35            [1]
                                  34            [1][2]
                                  33            [1]
                                  32            [1]
                                  31            [1]
                                  30            [1]
                                  29            [1][2]
                                  28            [1]
                                  27            [1]
                                  26            [1]
                                  25            [1]
                                  24            [1]
                                  23            [1]
                                  22            [1]
                                  20            [1]
                                  19            [1]
                                  18            [1][2]
                                  17            [1]
                                  16            [1][2]
                                  15            [1][2]
                                  14            [1][2]
                                  13            [1]
                                  12            [1]
                                  11            [1][2]
                                  10            [1]
                                   9            [1]
                                   8            [1]
                                   7            [1][2]
                                   5            [1][2]
                                   4            [1]
                                   3            [1]
                                   2            [1]
                                   0            

ff: found legal plan as follows
规划长度：87

var_size: 15927

当前收集的断言数：5282

1
找到反例！


第11次迭代
当前初始状态:
F:49 U:22
num_Or:1771
参数大于2的OR: 
(AT N60) (AT N58) (AT N56) (AT N54) (AT N52) (AT N47) (AT N31) (AT N21) (AT N15) (AT N8) (AT N3) 
H:519


Cueing down from goal distance:  519 into depth [1][2][3][4]
                                 518            [1]
                                 517            [1]
                                 516            [1]
                                 515            [1]
                                 514            [1]
                                 513            [1]
                                 512            [1]
                                 511            [1]
                                 485            [1]
                                 431            [1]
                                 392            [1]
                                 340            [1]
                                 298            [1]
                                 296            [1]
                                 254            [1]
                                 121            [1]
                                  79            [1]
                                  74            [1]
                                  72            [1][2]
                                  60            [1]
                                  59            [1]
                                  58            [1]
                                  57            [1]
                                  56            [1]
                                  55            [1]
                                  54            [1]
                                  53            [1]
                                  52            [1]
                                  51            [1]
                                  50            [1]
                                  49            [1]
                                  48            [1]
                                  47            [1]
                                  46            [1]
                                  45            [1]
                                  44            [1]
                                  43            [1]
                                  42            [1]
                                  41            [1]
                                  40            [1]
                                  39            [1]
                                  38            [1]
                                  37            [1]
                                  36            [1]
                                  35            [1]
                                  34            [1]
                                  33            [1]
                                  32            [1]
                                  31            [1]
                                  30            [1]
                                  29            [1]
                                  28            [1]
                                  27            [1]
                                  26            [1]
                                  25            [1]
                                  24            [1]
                                  23            [1]
                                  22            [1]
                                  21            [1]
                                  20            [1]
                                  19            [1]
                                  18            [1]
                                  17            [1]
                                  16            [1]
                                  15            [1][2]
                                  14            [1]
                                  13            [1]
                                  12            [1][2]
                                  11            [1][2]
                                  10            [1]
                                   9            [1][2]
                                   7            [1]
                                   6            [1]
                                   5            [1][2]
                                   4            [1]
                                   3            [1]
                                   2            [1]
                                   0            

ff: found legal plan as follows
规划长度：87

var_size: 15927

当前收集的断言数：5282

1
找到反例！


第12次迭代
当前初始状态:
F:48 U:24
num_Or:1771
参数大于2的OR: 
(AT N60) (AT N59) (AT N58) (AT N56) (AT N54) (AT N52) (AT N47) (AT N31) (AT N21) (AT N15) (AT N8) (AT N3) 
H:551


Cueing down from goal distance:  551 into depth [1][2][3][4][5][6]
                                 550            [1]
                                 549            [1]
                                 548            [1]
                                 547            [1]
                                 546            [1]
                                 545            [1]
                                 544            [1]
                                 509            [1]
                                 485            [1]
                                 431            [1]
                                 392            [1]
                                 340            [1]
                                 298            [1]
                                 296            [1]
                                 254            [1]
                                 121            [1]
                                  79            [1]
                                  74            [1]
                                  72            [1][2]
                                  60            [1]
                                  59            [1]
                                  58            [1]
                                  57            [1]
                                  56            [1]
                                  55            [1]
                                  54            [1]
                                  53            [1]
                                  52            [1]
                                  51            [1]
                                  50            [1]
                                  49            [1]
                                  48            [1]
                                  47            [1]
                                  46            [1]
                                  45            [1]
                                  44            [1]
                                  43            [1]
                                  42            [1]
                                  41            [1]
                                  40            [1]
                                  39            [1]
                                  38            [1]
                                  37            [1]
                                  36            [1]
                                  35            [1]
                                  34            [1]
                                  33            [1]
                                  32            [1]
                                  31            [1]
                                  30            [1]
                                  29            [1]
                                  28            [1]
                                  27            [1]
                                  26            [1]
                                  25            [1]
                                  24            [1]
                                  23            [1]
                                  22            [1]
                                  21            [1]
                                  20            [1]
                                  19            [1]
                                  18            [1]
                                  17            [1]
                                  16            [1]
                                  15            [1][2]
                                  14            [1]
                                  13            [1]
                                  12            [1][2]
                                  11            [1][2]
                                  10            [1]
                                   9            [1][2]
                                   7            [1]
                                   6            [1]
                                   5            [1][2]
                                   4            [1]
                                   3            [1]
                                   2            [1]
                                   0            

ff: found legal plan as follows
规划长度：89

var_size: 16289

当前收集的断言数：5402

1
找到反例！


第13次迭代
当前初始状态:
F:47 U:26
num_Or:1771
参数大于2的OR: 
(AT N60) (AT N59) (AT N58) (AT N56) (AT N54) (AT N52) (AT N47) (AT N45) (AT N31) (AT N21) (AT N15) (AT N8) (AT N3) 
H:590


Cueing down from goal distance:  590 into depth [1][2]
                                 589            [1]
                                 588            [1]
                                 587            [1]
                                 586            [1]
                                 585            [1]
                                 584            [1]
                                 583            [1]
                                 582            [1]
                                 581            [1]
                                 580            [1]
                                 579            [1]
                                 578            [1]
                                 543            [1]
                                 516            [1]
                                 466            [1]
                                 427            [1]
                                 375            [1]
                                 332            [1]
                                 298            [1]
                                 296            [1]
                                 254            [1]
                                 121            [1]
                                  79            [1]
                                  74            [1]
                                  72            [1][2]
                                  60            [1]
                                  59            [1]
                                  58            [1]
                                  57            [1]
                                  56            [1]
                                  55            [1]
                                  54            [1]
                                  53            [1]
                                  52            [1]
                                  51            [1]
                                  50            [1]
                                  49            [1]
                                  48            [1]
                                  47            [1]
                                  46            [1]
                                  45            [1]
                                  44            [1]
                                  43            [1]
                                  42            [1]
                                  41            [1]
                                  40            [1]
                                  39            [1]
                                  38            [1]
                                  37            [1]
                                  36            [1]
                                  35            [1]
                                  34            [1]
                                  33            [1]
                                  32            [1]
                                  31            [1]
                                  30            [1]
                                  29            [1]
                                  28            [1]
                                  27            [1]
                                  26            [1]
                                  25            [1]
                                  24            [1]
                                  23            [1]
                                  22            [1]
                                  21            [1]
                                  20            [1]
                                  19            [1]
                                  18            [1]
                                  17            [1]
                                  16            [1]
                                  15            [1][2]
                                  14            [1]
                                  13            [1]
                                  12            [1][2]
                                  11            [1][2]
                                  10            [1]
                                   9            [1][2]
                                   7            [1]
                                   6            [1]
                                   5            [1][2]
                                   4            [1]
                                   3            [1]
                                   2            [1]
                                   0            

ff: found legal plan as follows
规划长度：91

var_size: 16651

当前收集的断言数：5522

1
找到反例！


第14次迭代
当前初始状态:
F:46 U:28
num_Or:1771
参数大于2的OR: 
(AT N60) (AT N59) (AT N58) (AT N56) (AT N54) (AT N52) (AT N47) (AT N45) (AT N38) (AT N31) (AT N21) (AT N15) (AT N8) (AT N3) 
H:637


Cueing down from goal distance:  637 into depth [1]
                                 620            [1]
                                 619            [1]
                                 618            [1]
                                 617            [1]
                                 616            [1]
                                 615            [1]
                                 614            [1]
                                 613            [1]
                                 612            [1]
                                 611            [1]
                                 610            [1]
                                 609            [1]
                                 608            [1]
                                 607            [1]
                                 567            [1]
                                 540            [1]
                                 497            [1]
                                 461            [1]
                                 408            [1]
                                 369            [1]
                                 338            [1]
                                 337            [1]
                                 294            [1]
                                 218            [1]
                                 178            [1]
                                 127            [1]
                                 112            [1]
                                  79            [1]
                                  70            [1]
                                  67            [1]
                                  60            [1]
                                  59            [1]
                                  58            [1]
                                  57            [1]
                                  56            [1]
                                  55            [1]
                                  54            [1]
                                  53            [1]
                                  52            [1]
                                  51            [1]
                                  50            [1]
                                  49            [1]
                                  48            [1]
                                  47            [1]
                                  46            [1]
                                  45            [1]
                                  44            [1]
                                  43            [1]
                                  42            [1]
                                  41            [1]
                                  40            [1]
                                  39            [1]
                                  38            [1]
                                  37            [1]
                                  36            [1]
                                  35            [1]
                                  34            [1]
                                  33            [1]
                                  32            [1]
                                  31            [1]
                                  30            [1]
                                  29            [1]
                                  28            [1]
                                  27            [1]
                                  26            [1]
                                  25            [1]
                                  24            [1]
                                  23            [1]
                                  22            [1]
                                  21            [1]
                                  20            [1]
                                  19            [1]
                                  18            [1]
                                  17            [1]
                                  16            [1]
                                  15            [1]
                                  14            [1]
                                  13            [1]
                                  12            [1]
                                  11            [1]
                                  10            [1]
                                   9            [1]
                                   8            [1][2]
                                   7            [1][2]
                                   6            [1]
                                   5            [1]
                                   4            [1][2]
                                   3            [1]
                                   2            [1]
                                   0            

ff: found legal plan as follows
规划长度：93

var_size: 17013

当前收集的断言数：5642

1
找到反例！


第15次迭代
当前初始状态:
F:45 U:30
num_Or:1771
参数大于2的OR: 
(AT N60) (AT N59) (AT N58) (AT N56) (AT N54) (AT N52) (AT N50) (AT N47) (AT N45) (AT N38) (AT N31) (AT N21) (AT N15) (AT N8) (AT N3) 
H:670


Cueing down from goal distance:  670 into depth [1]
                                 659            [1]
                                 658            [1]
                                 657            [1]
                                 656            [1]
                                 655            [1]
                                 654            [1]
                                 653            [1]
                                 652            [1]
                                 651            [1]
                                 650            [1]
                                 649            [1]
                                 648            [1]
                                 647            [1]
                                 646            [1]
                                 645            [1]
                                 603            [1]
                                 573            [1]
                                 532            [1]
                                 500            [1]
                                 444            [1]
                                 416            [1]
                                 215            [1]
                                 202            [1]
                                  96            [1]
                                  87            [1]
                                  83            [1]
                                  78            [1]
                                  76            [1]
                                  73            [1]
                                  60            [1]
                                  59            [1]
                                  58            [1]
                                  57            [1]
                                  56            [1]
                                  55            [1]
                                  54            [1]
                                  53            [1]
                                  52            [1]
                                  51            [1]
                                  50            [1]
                                  49            [1]
                                  48            [1]
                                  47            [1]
                                  46            [1]
                                  45            [1]
                                  44            [1]
                                  43            [1]
                                  42            [1]
                                  41            [1]
                                  40            [1]
                                  39            [1]
                                  38            [1]
                                  37            [1]
                                  36            [1]
                                  35            [1]
                                  34            [1]
                                  33            [1]
                                  32            [1]
                                  31            [1]
                                  30            [1]
                                  29            [1]
                                  28            [1]
                                  27            [1]
                                  26            [1]
                                  25            [1]
                                  24            [1]
                                  23            [1]
                                  22            [1]
                                  21            [1][2]
                                  20            [1][2]
                                  19            [1][2]
                                  18            [1][2]
                                  17            [1][2]
                                  16            [1][2]
                                  15            [1][2]
                                  14            [1][2]
                                  13            [1][2]
                                  12            [1]
                                  11            [1]
                                  10            [1][2]
                                   9            [1][2]
                                   8            [1][2]
                                   7            [1]
                                   6            [1][2]
                                   5            [1]
                                   4            [1]
                                   3            [1]
                                   2            [1]
                                   0            

ff: found legal plan as follows
规划长度：102

var_size: 18642

当前收集的断言数：6182

1
找到反例！


第16次迭代
当前初始状态:
F:44 U:32
num_Or:1771
参数大于2的OR: 
(AT N60) (AT N59) (AT N58) (AT N56) (AT N54) (AT N52) (AT N50) (AT N47) (AT N45) (AT N38) (AT N31) (AT N26) (AT N21) (AT N15) (AT N8) (AT N3) 
H:693


Cueing down from goal distance:  693 into depth [1][2][3][4][5][6][7][8][9][10][11][12][13][14][15][16][17]
                                 647            [1]
                                 614            [1]
                                 565            [1]
                                 527            [1]
                                 474            [1]
                                 454            [1]
                                 227            [1]
                                 223            [1]
                                 120            [1]
                                 112            [1]
                                 103            [1]
                                  92            [1]
                                  81            [1]
                                  76            [1]
                                  75            [1]
                                  73            [1]
                                  72            [1]
                                  69            [1]
                                  60            [1]
                                  59            [1]
                                  58            [1]
                                  57            [1]
                                  56            [1]
                                  55            [1]
                                  54            [1]
                                  53            [1]
                                  52            [1]
                                  51            [1]
                                  50            [1]
                                  49            [1]
                                  48            [1]
                                  47            [1]
                                  46            [1]
                                  45            [1]
                                  44            [1]
                                  43            [1]
                                  42            [1]
                                  41            [1]
                                  40            [1]
                                  39            [1]
                                  38            [1]
                                  37            [1]
                                  36            [1]
                                  35            [1]
                                  34            [1]
                                  33            [1]
                                  32            [1]
                                  31            [1]
                                  30            [1]
                                  29            [1]
                                  28            [1]
                                  27            [1]
                                  26            [1]
                                  25            [1]
                                  24            [1]
                                  23            [1]
                                  22            [1]
                                  21            [1]
                                  20            [1]
                                  19            [1]
                                  18            [1]
                                  17            [1]
                                  16            [1]
                                  15            [1]
                                  14            [1]
                                  13            [1]
                                  12            [1]
                                  11            [1]
                                  10            [1]
                                   9            [1]
                                   8            [1][2]
                                   7            [1][2]
                                   6            [1]
                                   5            [1]
                                   4            [1][2]
                                   3            [1]
                                   2            [1]
                                   0            

ff: found legal plan as follows
规划长度：97

var_size: 17737

当前收集的断言数：5882

1
找到反例！


第17次迭代
当前初始状态:
F:43 U:34
num_Or:1771
参数大于2的OR: 
(AT N60) (AT N59) (AT N58) (AT N56) (AT N54) (AT N53) (AT N52) (AT N50) (AT N47) (AT N45) (AT N38) (AT N31) (AT N26) (AT N21) (AT N15) (AT N8) (AT N3) 
H:722


Cueing down from goal distance:  722 into depth [1][2][3][4][5][6][7][8][9][10][11][12][13][14][15][16][17][18]
                                 682            [1]
                                 662            [1]
                                 605            [1]
                                 578            [1]
                                 530            [1]
                                 482            [1]
                                 427            [1]
                                 393            [1]
                                 362            [1]
                                 199            [1]
                                 180            [1]
                                 103            [1]
                                  91            [1]
                                  84            [1]
                                  75            [1]
                                  74            [1]
                                  72            [1]
                                  71            [1]
                                  60            [1]
                                  59            [1]
                                  58            [1]
                                  57            [1]
                                  56            [1]
                                  55            [1]
                                  54            [1]
                                  53            [1]
                                  52            [1]
                                  51            [1]
                                  50            [1]
                                  49            [1]
                                  48            [1]
                                  47            [1]
                                  46            [1]
                                  45            [1]
                                  44            [1]
                                  43            [1]
                                  42            [1]
                                  41            [1]
                                  40            [1]
                                  39            [1]
                                  38            [1]
                                  37            [1]
                                  36            [1]
                                  35            [1]
                                  34            [1]
                                  33            [1]
                                  32            [1]
                                  31            [1]
                                  30            [1]
                                  29            [1]
                                  28            [1]
                                  27            [1]
                                  26            [1]
                                  25            [1]
                                  24            [1]
                                  23            [1]
                                  22            [1]
                                  21            [1]
                                  20            [1]
                                  19            [1]
                                  18            [1]
                                  17            [1]
                                  16            [1]
                                  15            [1]
                                  14            [1]
                                  13            [1][2]
                                  12            [1][2]
                                  11            [1][2]
                                  10            [1]
                                   9            [1]
                                   8            [1][2]
                                   7            [1]
                                   6            [1]
                                   5            [1]
                                   4            [1]
                                   3            [1]
                                   2            [1]
                                   0            

ff: found legal plan as follows
规划长度：99

var_size: 18099

当前收集的断言数：6002

1
找到反例！


第18次迭代
当前初始状态:
F:42 U:36
num_Or:1771
参数大于2的OR: 
(AT N60) (AT N59) (AT N58) (AT N56) (AT N54) (AT N53) (AT N52) (AT N50) (AT N47) (AT N45) (AT N38) (AT N36) (AT N31) (AT N26) (AT N21) (AT N15) (AT N8) (AT N3) 
H:760


Cueing down from goal distance:  760 into depth [1][2][3][4][5][6][7][8][9]TimeOut
now_time:3600.0662945270305
