                                  69            [1]
                                  68            [1]
                                  67            [1]
                                  66            [1]
                                  65            [1]
                                  64            [1]
                                  63            [1]
                                  62            [1]
                                  61            [1]
                                  60            [1]
                                  59            [1]
                                  58            [1]
                                  57            [1]
                                  56            [1]
                                  55            [1]
                                  54            [1]
                                  53            [1]
                                  52            [1]
                                  51            [1]
                                  50            [1]
                                  49            [1]
                                  48            [1]
                                  47            [1]
                                  46            [1]
                                  45            [1]
                                  44            [1]
                                  43            [1]
                                  42            [1]
                                  41            [1]
                                  40            [1]
                                  39            [1]
                                  38            [1]
                                  37            [1]
                                  36            [1]
                                  35            [1]
                                  34            [1]
                                  33            [1]
                                  32            [1]
                                  31            [1]
                                  30            [1]
                                  29            [1]
                                  28            [1]
                                  27            [1]
                                  26            [1]
                                  25            [1]
                                  24            [1]
                                  23            [1]
                                  22            [1]
                                  21            [1]
                                  20            [1]
                                  19            [1]
                                  18            [1]
                                  17            [1]
                                  16            [1]
                                  15            [1]
                                  14            [1]
                                  13            [1]
                                  12            [1]
                                  11            [1][2]
                                  10            [1]
                                   9            [1]
                                   8            [1]
                                   7            [1][2]
                                   6            [1]
                                   5            [1][2]
                                   4            [1]
                                   3            [1][2]
                                   2            [1]
                                   0            

ff: found legal plan as follows
规划长度：96

var_size: 20466

当前收集的断言数：6792

1
找到反例！


第11次迭代
当前初始状态:
F:59 U:22
num_Or:2416
参数大于2的OR: 
(AT N70) (AT N68) (AT N67) (AT N63) (AT N60) (AT N57) (AT N39) (AT N37) (AT N32) (AT N29) (AT N25) 
H:528


Cueing down from goal distance:  528 into depth [1][2][3][4][5][6][7][8][9][10][11][12]
                                 501            [1]
                                 467            [1]
                                 265            [1]
                                 177            [1]
                                 176            [1]
                                 165            [1]
                                 136            [1]
                                 121            [1]
                                  94            [1]
                                  87            [1]
                                  82            [1]
                                  81            [1][2]
                                  70            [1]
                                  69            [1]
                                  68            [1]
                                  67            [1]
                                  66            [1]
                                  65            [1]
                                  64            [1]
                                  63            [1]
                                  62            [1]
                                  61            [1]
                                  60            [1]
                                  59            [1]
                                  58            [1]
                                  57            [1]
                                  56            [1]
                                  55            [1]
                                  54            [1]
                                  53            [1]
                                  52            [1]
                                  51            [1]
                                  50            [1]
                                  49            [1]
                                  48            [1]
                                  47            [1]
                                  46            [1]
                                  45            [1]
                                  44            [1]
                                  43            [1]
                                  42            [1]
                                  41            [1]
                                  40            [1]
                                  39            [1]
                                  38            [1]
                                  37            [1]
                                  36            [1]
                                  35            [1][2]
                                  34            [1][2]
                                  33            [1][2]
                                  32            [1][2]
                                  31            [1]
                                  30            [1]
                                  29            [1]
                                  28            [1][2]
                                  27            [1]
                                  26            [1][2]
                                  25            [1][2]
                                  24            [1][2]
                                  23            [1][2]
                                  22            [1][2]
                                  21            [1][2]
                                  20            [1][2]
                                  19            [1][2]
                                  18            [1][2]
                                  17            [1]
                                  16            [1][2]
                                  15            [1][2]
                                  14            [1][2]
                                  13            [1][2]
                                  12            [1][2]
                                  11            [1]
                                  10            [1]
                                   9            [1][2]
                                   8            [1][2]
                                   7            [1]
                                   6            [1]
                                   5            [1][2]
                                   4            [1][2]
                                   3            [1]
                                   2            [1]
                                   0            

ff: found legal plan as follows
规划长度：117

var_size: 24897

当前收集的断言数：8262

1
找到反例！


第12次迭代
当前初始状态:
F:58 U:24
num_Or:2416
参数大于2的OR: 
(AT N70) (AT N68) (AT N67) (AT N63) (AT N61) (AT N60) (AT N57) (AT N39) (AT N37) (AT N32) (AT N29) (AT N25) 
H:585


Cueing down from goal distance:  585 into depth [1][2][3][4][5][6][7][8][9][10][11][12][13]
                                 530            [1]
                                 508            [1]
                                 285            [1]
                                 271            [1]
                                 205            [1]
                                 183            [1]
                                 119            [1]
                                  99            [1]
                                  88            [1]
                                  85            [1]
                                  83            [1][2]
                                  70            [1]
                                  69            [1]
                                  68            [1]
                                  67            [1]
                                  66            [1]
                                  65            [1]
                                  64            [1]
                                  63            [1]
                                  62            [1]
                                  61            [1]
                                  60            [1]
                                  59            [1]
                                  58            [1]
                                  57            [1]
                                  56            [1]
                                  55            [1]
                                  54            [1]
                                  53            [1]
                                  52            [1]
                                  51            [1]
                                  50            [1]
                                  49            [1]
                                  48            [1]
                                  47            [1]
                                  46            [1]
                                  45            [1]
                                  44            [1]
                                  43            [1]
                                  42            [1]
                                  41            [1]
                                  40            [1]
                                  39            [1]
                                  38            [1]
                                  37            [1]
                                  36            [1]
                                  35            [1]
                                  34            [1]
                                  33            [1]
                                  32            [1]
                                  31            [1]
                                  30            [1]
                                  29            [1]
                                  28            [1]
                                  27            [1]
                                  26            [1]
                                  25            [1]
                                  24            [1]
                                  23            [1]
                                  22            [1]
                                  21            [1]
                                  20            [1]
                                  19            [1]
                                  18            [1]
                                  17            [1]
                                  16            [1]
                                  15            [1]
                                  14            [1]
                                  13            [1]
                                  12            [1]
                                  11            [1]
                                  10            [1][2]
                                   9            [1]
                                   8            [1]
                                   7            [1]
                                   6            [1][2]
                                   5            [1]
                                   4            [1][2]
                                   3            [1][2]
                                   2            [1]
                                   0            

ff: found legal plan as follows
规划长度：98

var_size: 20888

当前收集的断言数：6932

1
找到反例！


第13次迭代
当前初始状态:
F:57 U:26
num_Or:2416
参数大于2的OR: 
(AT N70) (AT N68) (AT N67) (AT N66) (AT N63) (AT N61) (AT N60) (AT N57) (AT N39) (AT N37) (AT N32) (AT N29) (AT N25) 
H:621


Cueing down from goal distance:  621 into depth [1][2][3][4][5][6][7][8][9][10][11][12][13][14]
                                 566            [1]
                                 546            [1]
                                 313            [1]
                                 302            [1]
                                 271            [1]
                                 205            [1]
                                 183            [1]
                                 119            [1]
                                  99            [1]
                                  88            [1]
                                  85            [1]
                                  83            [1][2]
                                  70            [1]
                                  69            [1]
                                  68            [1]
                                  67            [1]
                                  66            [1]
                                  65            [1]
                                  64            [1]
                                  63            [1]
                                  62            [1]
                                  61            [1]
                                  60            [1]
                                  59            [1]
                                  58            [1]
                                  57            [1]
                                  56            [1]
                                  55            [1]
                                  54            [1]
                                  53            [1]
                                  52            [1]
                                  51            [1]
                                  50            [1]
                                  49            [1]
                                  48            [1]
                                  47            [1]
                                  46            [1]
                                  45            [1]
                                  44            [1]
                                  43            [1]
                                  42            [1]
                                  41            [1]
                                  40            [1]
                                  39            [1]
                                  38            [1]
                                  37            [1]
                                  36            [1]
                                  35            [1]
                                  34            [1]
                                  33            [1]
                                  32            [1]
                                  31            [1]
                                  30            [1]
                                  29            [1]
                                  28            [1]
                                  27            [1]
                                  26            [1]
                                  25            [1]
                                  24            [1]
                                  23            [1]
                                  22            [1]
                                  21            [1]
                                  20            [1]
                                  19            [1]
                                  18            [1]
                                  17            [1]
                                  16            [1]
                                  15            [1]
                                  14            [1]
                                  13            [1]
                                  12            [1]
                                  11            [1]
                                  10            [1][2]
                                   9            [1]
                                   8            [1]
                                   7            [1]
                                   6            [1][2]
                                   5            [1]
                                   4            [1][2]
                                   3            [1][2]
                                   2            [1]
                                   0            

ff: found legal plan as follows
规划长度：100

var_size: 21310

当前收集的断言数：7072

1
找到反例！


第14次迭代
当前初始状态:
F:56 U:28
num_Or:2416
参数大于2的OR: 
(AT N70) (AT N68) (AT N67) (AT N66) (AT N63) (AT N62) (AT N61) (AT N60) (AT N57) (AT N39) (AT N37) (AT N32) (AT N29) (AT N25) 
H:668


Cueing down from goal distance:  668 into depth [1][2][3][4][5][6][7][8][9][10][11][12][13][14][15]
                                 613            [1]
                                 590            [1]
                                 545            [1]
                                 224            [1]
                                 191            [1]
                                 183            [1]
                                 160            [1]
                                 151            [1]
                                  96            [1]
                                  95            [1]
                                  88            [1]
                                  85            [1]
                                  83            [1][2]
                                  70            [1]
                                  69            [1]
                                  68            [1]
                                  67            [1]
                                  66            [1]
                                  65            [1]
                                  64            [1]
                                  63            [1]
                                  62            [1]
                                  61            [1]
                                  60            [1]
                                  59            [1]
                                  58            [1]
                                  57            [1]
                                  56            [1]
                                  55            [1]
                                  54            [1]
                                  53            [1]
                                  52            [1]
                                  51            [1]
                                  50            [1]
                                  49            [1]
                                  48            [1]
                                  47            [1]
                                  46            [1]
                                  45            [1]
                                  44            [1]
                                  43            [1]
                                  42            [1]
                                  41            [1]
                                  40            [1]
                                  39            [1]
                                  38            [1]
                                  37            [1]
                                  36            [1]
                                  35            [1]
                                  34            [1]
                                  33            [1]
                                  32            [1]
                                  31            [1]
                                  30            [1]
                                  29            [1]
                                  28            [1]
                                  27            [1]
                                  26            [1]
                                  25            [1]
                                  24            [1]
                                  23            [1]
                                  22            [1]
                                  21            [1]
                                  20            [1]
                                  19            [1]
                                  18            [1]
                                  17            [1]
                                  16            [1]
                                  15            [1]
                                  14            [1]
                                  13            [1]
                                  12            [1]
                                  11            [1]
                                  10            [1][2]
                                   9            [1]
                                   8            [1]
                                   7            [1]
                                   6            [1][2]
                                   5            [1]
                                   4            [1][2]
                                   3            [1][2]
                                   2            [1]
                                   0            

ff: found legal plan as follows
规划长度：102

var_size: 21732

当前收集的断言数：7212

1
找到反例！


第15次迭代
当前初始状态:
F:55 U:30
num_Or:2416
参数大于2的OR: 
(AT N70) (AT N68) (AT N67) (AT N66) (AT N63) (AT N62) (AT N61) (AT N60) (AT N59) (AT N57) (AT N39) (AT N37) (AT N32) (AT N29) (AT N25) 
H:717


Cueing down from goal distance:  717 into depth [1][2]
                                 716            [1]
                                 715            [1]
                                 714            [1]
                                 713            [1]
                                 712            [1]
                                 711            [1]
                                 710            [1]
                                 709            [1]
                                 708            [1]
                                 707            [1]
                                 706            [1]
                                 705            [1]
                                 704            [1]
                                 703            [1]
                                 649            [1]
                                 632            [1]
                                 588            [1]
                                 349            [1]
                                 300            [1]
                                 294            [1]
                                 246            [1]
                                 236            [1]
                                 156            [1]
                                 107            [1]
                                  98            [1]
                                  92            [1]
                                  85            [1]
                                  84            [1]
                                  83            [1][2]
                                  82            [1]
                                  70            [1]
                                  69            [1]
                                  68            [1]
                                  67            [1]
                                  66            [1]
                                  65            [1]
                                  64            [1]
                                  63            [1]
                                  62            [1]
                                  61            [1]
                                  60            [1]
                                  59            [1]
                                  58            [1]
                                  57            [1]
                                  56            [1]
                                  55            [1]
                                  54            [1]
                                  53            [1]
                                  52            [1]
                                  51            [1]
                                  50            [1]
                                  49            [1]
                                  48            [1]
                                  47            [1]
                                  46            [1]
                                  45            [1]
                                  44            [1]
                                  43            [1]
                                  42            [1]
                                  41            [1]
                                  40            [1]
                                  39            [1]
                                  38            [1]
                                  37            [1]
                                  36            [1]
                                  35            [1]
                                  34            [1]
                                  33            [1]
                                  32            [1]
                                  31            [1]
                                  30            [1]
                                  29            [1]
                                  28            [1]
                                  27            [1]
                                  26            [1]
                                  25            [1]
                                  24            [1]
                                  23            [1]
                                  22            [1]
                                  21            [1]
                                  20            [1]
                                  19            [1]
                                  18            [1]
                                  17            [1]
                                  16            [1]
                                  15            [1][2]
                                  14            [1][2]
                                  13            [1]
                                  12            [1][2]
                                  11            [1]
                                  10            [1]
                                   9            [1][2]
                                   8            [1][2]
                                   7            [1][2]
                                   6            [1]
                                   5            [1][2]
                                   4            [1][2]
                                   3            [1]
                                   2            [1]
                                   0            

ff: found legal plan as follows
规划长度：110

var_size: 23420

当前收集的断言数：7772

1
找到反例！


第16次迭代
当前初始状态:
F:54 U:32
num_Or:2416
参数大于2的OR: 
(AT N70) (AT N68) (AT N67) (AT N66) (AT N63) (AT N62) (AT N61) (AT N60) (AT N59) (AT N57) (AT N48) (AT N39) (AT N37) (AT N32) (AT N29) (AT N25) 
H:771


Cueing down from goal distance:  771 into depth [1]
                                 762            [1]
                                 761            [1]
                                 760            [1]
                                 759            [1]
                                 758            [1]
                                 757            [1]
                                 756            [1]
                                 755            [1]
                                 754            [1]
                                 753            [1]
                                 752            [1]
                                 751            [1]
                                 750            [1]
                                 749            [1]
                                 748            [1]
                                 747            [1]
                                 689            [1]
                                 676            [1]
                                 629            [1]
                                 621            [1]
                                 543            [1]
                                 530            [1]
                                 462            [1]
                                 432            [1]
                                 290            [1]
                                 194            [1]
                                 185            [1]
                                 112            [1]
                                  98            [1]
                                  96            [1]
                                  91            [1]
                                  86            [1]
                                  83            [1][2]
                                  82            [1][2]
                                  81            [1]
                                  70            [1]
                                  69            [1]
                                  68            [1]
                                  67            [1]
                                  66            [1]
                                  65            [1]
                                  64            [1]
                                  63            [1]
                                  62            [1]
                                  61            [1]
                                  60            [1]
                                  59            [1]
                                  58            [1]
                                  57            [1]
                                  56            [1]
                                  55            [1]
                                  54            [1]
                                  53            [1]
                                  52            [1]
                                  51            [1]
                                  50            [1]
                                  49            [1]
                                  48            [1]
                                  47            [1]
                                  46            [1]
                                  45            [1]
                                  44            [1][2]
                                  43            [1]
                                  42            [1]
                                  41            [1][2]
                                  40            [1]
                                  39            [1]
                                  38            [1]
                                  37            [1]
                                  36            [1]
                                  35            [1]
                                  34            [1]
                                  33            [1]
                                  32            [1]
                                  31            [1]
                                  30            [1]
                                  29            [1]
                                  28            [1]
                                  27            [1]
                                  26            [1]
                                  24            [1]
                                  23            [1]
                                  22            [1]
                                  21            [1][2]
                                  20            [1][2]
                                  19            [1]
                                  18            [1][2]
                                  17            [1][2]
                                  16            [1][2]
                                  15            [1]
                                  14            [1][2]
                                  13            [1][2]
                                  12            [1][2]
                                  11            [1][2]
                                  10            [1][2]
                                   9            [1][2]
                                   8            [1]
                                   7            [1][2]
                                   6            [1][2]
                                   5            [1][2]
                                   4            [1][2]
                                   3            [1]
                                   2            [1]
                                   0            

ff: found legal plan as follows
规划长度：123

var_size: 26163

当前收集的断言数：8682

1
找到反例！


第17次迭代
当前初始状态:
F:53 U:34
num_Or:2416
参数大于2的OR: 
(AT N70) (AT N69) (AT N68) (AT N67) (AT N66) (AT N63) (AT N62) (AT N61) (AT N60) (AT N59) (AT N57) (AT N48) (AT N39) (AT N37) (AT N32) (AT N29) (AT N25) 
H:809


Cueing down from goal distance:  809 into depth [1][2][3][4][5][6][7][8][9][10][11][12][13][14]
                                 808            [1]
                                 807            [1]
                                 806            [1]
                                 805            [1]
                                 745            [1]
                                 730            [1]
                                 654            [1]
                                 635            [1]
                                 588            [1]
                                 336            [1]
                                 296            [1]
                                 285            [1]
                                 251            [1]
                                 236            [1]
                                 142            [1]
                                 121            [1]
                                  90            [1]
                                  89            [1]
                                  88            [1]
                                  87            [1]
                                  84            [1][2]
                                  83            [1]
                                  81            [1]
                                  79            [1]
                                  70            [1]
                                  69            [1]
                                  68            [1]
                                  67            [1]
                                  66            [1]
                                  65            [1]
                                  64            [1]
                                  63            [1]
                                  62            [1]
                                  61            [1]
                                  60            [1]
                                  59            [1]
                                  58            [1]
                                  57            [1]
                                  56            [1]
                                  55            [1]
                                  54            [1]
                                  53            [1]
                                  52            [1]
                                  51            [1]
                                  50            [1]
                                  49            [1]
                                  48            [1]
                                  47            [1]
                                  46            [1]
                                  45            [1]
                                  44            [1][2]
                                  43            [1][2]
                                  42            [1][2]
                                  41            [1][2]
                                  40            [1][2]
                                  39            [1][2]
                                  38            [1][2]
                                  37            [1][2]
                                  36            [1][2]
                                  35            [1][2]
                                  34            [1][2]
                                  33            [1][2]
                                  32            [1][2]
                                  31            [1][2]
                                  30            [1][2]
                                  29            [1][2]
                                  28            [1][2]
                                  27            [1][2]
                                  26            [1]
                                  25            [1]
                                  24            [1]
                                  23            [1]
                                  22            [1]
                                  21            [1][2]
                                  20            [1][2]
                                  19            [1][2]
                                  18            [1][2]
                                  17            [1]
                                  16            [1][2]
                                  15            [1][2]
                                  14            [1][2]
                                  13            [1]
                                  12            [1][2]
                                  11            [1]
                                  10            [1]
                                   9            [1]
                                   8            [1]
                                   7            [1][2]
                                   6            [1]
                                   4            [1][2]
                                   3            [1]
                                   2            [1]
                                   0            

ff: found legal plan as follows
规划长度：135

var_size: 28695

当前收集的断言数：9522

1
找到反例！


第18次迭代
当前初始状态:
F:52 U:36
num_Or:2416
参数大于2的OR: 
(AT N70) (AT N69) (AT N68) (AT N67) (AT N66) (AT N63) (AT N62) (AT N61) (AT N60) (AT N59) (AT N57) (AT N48) (AT N39) (AT N37) (AT N32) (AT N29) (AT N27) (AT N25) 
H:870


Cueing down from goal distance:  870 into depth [1]
                                 868            [1]
                                 867            [1]
                                 866            [1]
                                 865            [1]
                                 864            [1]
                                 863            [1]
                                 862            [1]
                                 861            [1]
                                 860            [1]
                                 859            [1]
                                 858            [1]
                                 857            [1]
                                 856            [1]
                                 855            [1]
                                 854            [1]
                                 853            [1]
                                 852            [1]
                                 851            [1]
                                 795            [1]
                                 775            [1]
                                 703            [1]
                                 679            [1]
                                 640            [1]
                                 621            [1]
                                 556            [1]
                                 529            [1]
                                 479            [1]
                                 443            [1]
                                 387            [1]
                                 157            [1]
                                 104            [1]
                                  86            [1][2]
                                  85            [1][2][3]
                                  84            [1]
                                  83            [1]
                                  82            [1]
                                  80            [1]
                                  70            [1]
                                  69            [1]
                                  68            [1]
                                  67            [1]
                                  66            [1]
                                  65            [1]
                                  64            [1]
                                  63            [1]
                                  62            [1]
                                  61            [1]
                                  60            [1]
                                  59            [1]
                                  58            [1]
                                  57            [1]
                                  56            [1]
                                  55            [1]
                                  54            [1]
                                  53            [1]
                                  52            [1]
                                  51            [1]
                                  50            [1]
                                  49            [1]
                                  48            [1]
                                  47            [1]
                                  46            [1]
                                  45            [1]
                                  44            [1]
                                  43            [1]
                                  42            [1]
                                  41            [1]
                                  40            [1]
                                  39            [1]
                                  38            [1]
                                  37            [1]
                                  36            [1]
                                  35            [1][2]
                                  34            [1][2]
                                  33            [1][2]
                                  32            [1][2]
                                  31            [1]
                                  30            [1]
                                  29            [1]
                                  28            [1][2]
                                  27            [1]
                                  26            [1][2]
                                  25            [1][2]
                                  24            [1][2]
                                  23            [1][2]
                                  22            [1][2]
                                  21            [1][2]
                                  20            [1][2]
                                  19            [1][2]
                                  18            [1][2]
                                  17            [1]
                                  16            [1][2]
                                  15            [1][2]
                                  14            [1][2]
                                  13            [1][2]
                                  12            [1][2]
                                  11            [1]
                                  10            [1]
                                   9            [1][2]
                                   8            [1][2]
                                   7            [1]
                                   6            [1]
                                   5            [1][2]
                                   4            [1][2]
                                   3            [1]
                                   2            [1]
                                   0            

ff: found legal plan as follows
规划长度：133

var_size: 28273

当前收集的断言数：9382

1
找到反例！


第19次迭代
当前初始状态:
F:51 U:38
num_Or:2416
参数大于2的OR: 
(AT N70) (AT N69) (AT N68) (AT N67) (AT N66) (AT N63) (AT N62) (AT N61) (AT N60) (AT N59) (AT N57) (AT N48) (AT N39) (AT N37) (AT N32) (AT N29) (AT N27) (AT N25) (AT N14) 
H:899


Cueing down from goal distance:  899 into depth [1][2][3][4][5]TimeOut
now_time:3600.0568389749387
