参数大于2的OR: 
(AT N90) (AT N89) (AT N88) (AT N87) (AT N85) (AT N74) (AT N54) (AT N10) 
H:561


Cueing down from goal distance:  561 into depth [1][2][3][4][5][6][7][8][9]
                                 523            [1]
                                 215            [1]
                                 188            [1]
                                 129            [1]
                                 107            [1]
                                 106            [1]
                                  90            [1]
                                  89            [1]
                                  88            [1]
                                  87            [1]
                                  86            [1]
                                  85            [1]
                                  84            [1]
                                  83            [1]
                                  82            [1]
                                  81            [1]
                                  80            [1]
                                  79            [1]
                                  78            [1]
                                  77            [1]
                                  76            [1]
                                  75            [1]
                                  74            [1]
                                  73            [1]
                                  72            [1]
                                  71            [1]
                                  70            [1]
                                  69            [1]
                                  68            [1]
                                  67            [1]
                                  66            [1]
                                  65            [1]
                                  64            [1]
                                  63            [1]
                                  62            [1]
                                  61            [1]
                                  60            [1]
                                  59            [1]
                                  58            [1]
                                  57            [1]
                                  56            [1]
                                  55            [1]
                                  54            [1]
                                  53            [1]
                                  52            [1]
                                  51            [1]
                                  50            [1]
                                  49            [1]
                                  48            [1]
                                  47            [1]
                                  46            [1]
                                  45            [1]
                                  44            [1]
                                  43            [1]
                                  42            [1]
                                  41            [1]
                                  40            [1]
                                  39            [1]
                                  38            [1]
                                  37            [1]
                                  36            [1]
                                  35            [1]
                                  34            [1]
                                  33            [1]
                                  32            [1]
                                  31            [1]
                                  30            [1]
                                  29            [1]
                                  28            [1]
                                  27            [1]
                                  26            [1]
                                  25            [1]
                                  24            [1]
                                  23            [1]
                                  22            [1]
                                  21            [1]
                                  20            [1]
                                  19            [1]
                                  18            [1]
                                  17            [1]
                                  16            [1]
                                  15            [1]
                                  14            [1]
                                  13            [1]
                                  12            [1]
                                  11            [1][2]
                                  10            [1]
                                   9            [1]
                                   8            [1]
                                   7            [1][2]
                                   6            [1][2]
                                   5            [1][2]
                                   4            [1]
                                   3            [1]
                                   2            [1]
                                   0            

ff: found legal plan as follows
规划长度：108

var_size: 29538

当前收集的断言数：9812

1
找到反例！


第9次迭代
当前初始状态:
F:81 U:18
num_Or:4006
参数大于2的OR: 
(AT N90) (AT N89) (AT N88) (AT N87) (AT N85) (AT N83) (AT N74) (AT N54) (AT N10) 
H:635


Cueing down from goal distance:  635 into depth [1][2][3][4][5][6][7][8][9][10]
                                 598            [1]
                                 320            [1]
                                 274            [1]
                                 166            [1]
                                 153            [1]
                                 129            [1]
                                 107            [1]
                                 106            [1]
                                  90            [1]
                                  89            [1]
                                  88            [1]
                                  87            [1]
                                  86            [1]
                                  85            [1]
                                  84            [1]
                                  83            [1]
                                  82            [1]
                                  81            [1]
                                  80            [1]
                                  79            [1]
                                  78            [1]
                                  77            [1]
                                  76            [1]
                                  75            [1]
                                  74            [1]
                                  73            [1]
                                  72            [1]
                                  71            [1]
                                  70            [1]
                                  69            [1]
                                  68            [1]
                                  67            [1]
                                  66            [1]
                                  65            [1]
                                  64            [1]
                                  63            [1]
                                  62            [1]
                                  61            [1]
                                  60            [1]
                                  59            [1]
                                  58            [1]
                                  57            [1]
                                  56            [1]
                                  55            [1]
                                  54            [1]
                                  53            [1]
                                  52            [1]
                                  51            [1]
                                  50            [1]
                                  49            [1]
                                  48            [1]
                                  47            [1]
                                  46            [1]
                                  45            [1]
                                  44            [1]
                                  43            [1]
                                  42            [1]
                                  41            [1]
                                  40            [1]
                                  39            [1]
                                  38            [1]
                                  37            [1]
                                  36            [1]
                                  35            [1]
                                  34            [1]
                                  33            [1]
                                  32            [1]
                                  31            [1]
                                  30            [1]
                                  29            [1]
                                  28            [1]
                                  27            [1]
                                  26            [1]
                                  25            [1]
                                  24            [1]
                                  23            [1]
                                  22            [1]
                                  21            [1]
                                  20            [1]
                                  19            [1]
                                  18            [1]
                                  17            [1]
                                  16            [1]
                                  15            [1]
                                  14            [1]
                                  13            [1]
                                  12            [1]
                                  11            [1][2]
                                  10            [1]
                                   9            [1]
                                   8            [1]
                                   7            [1][2]
                                   6            [1][2]
                                   5            [1][2]
                                   4            [1]
                                   3            [1]
                                   2            [1]
                                   0            

ff: found legal plan as follows
规划长度：111

var_size: 30351

当前收集的断言数：10082

1
找到反例！


第10次迭代
当前初始状态:
F:80 U:20
num_Or:4006
参数大于2的OR: 
(AT N90) (AT N89) (AT N88) (AT N87) (AT N85) (AT N83) (AT N80) (AT N74) (AT N54) (AT N10) 
H:699


Cueing down from goal distance:  699 into depth [1][2][3][4][5][6][7][8][9][10][11]
                                 661            [1]
                                 349            [1]
                                 304            [1]
                                 281            [1]
                                 246            [1]
                                 235            [1]
                                 131            [1]
                                 116            [1]
                                 105            [1][2]
                                 104            [1]
                                 103            [1][2]
                                  90            [1]
                                  89            [1]
                                  88            [1]
                                  87            [1]
                                  86            [1]
                                  85            [1]
                                  84            [1]
                                  83            [1]
                                  82            [1]
                                  81            [1]
                                  80            [1]
                                  79            [1]
                                  78            [1]
                                  77            [1]
                                  76            [1]
                                  75            [1]
                                  74            [1]
                                  73            [1]
                                  72            [1]
                                  71            [1]
                                  70            [1]
                                  69            [1]
                                  68            [1]
                                  67            [1]
                                  66            [1]
                                  65            [1]
                                  64            [1]
                                  63            [1]
                                  62            [1]
                                  61            [1]
                                  60            [1]
                                  59            [1]
                                  58            [1]
                                  57            [1]
                                  56            [1]
                                  55            [1]
                                  54            [1]
                                  53            [1]
                                  52            [1]
                                  51            [1]
                                  50            [1]
                                  49            [1]
                                  48            [1]
                                  47            [1]
                                  46            [1]
                                  45            [1]
                                  44            [1]
                                  43            [1][2]
                                  42            [1][2]
                                  41            [1]
                                  40            [1]
                                  39            [1]
                                  38            [1]
                                  37            [1]
                                  36            [1]
                                  35            [1]
                                  34            [1][2]
                                  33            [1][2]
                                  32            [1][2]
                                  31            [1][2]
                                  30            [1]
                                  29            [1][2]
                                  28            [1][2]
                                  27            [1][2]
                                  26            [1]
                                  25            [1][2]
                                  24            [1][2]
                                  23            [1]
                                  22            [1]
                                  21            [1]
                                  20            [1]
                                  19            [1]
                                  18            [1]
                                  17            [1][2]
                                  16            [1][2]
                                  15            [1][2]
                                  14            [1][2]
                                  13            [1][2]
                                  12            [1][2]
                                  11            [1][2]
                                  10            [1]
                                   9            [1][2]
                                   8            [1][2]
                                   7            [1]
                                   6            [1][2]
                                   5            [1][2]
                                   4            [1]
                                   3            [1][2]
                                   2            [1]
                                   0            

ff: found legal plan as follows
规划长度：136

var_size: 37126

当前收集的断言数：12332

1
找到反例！


第11次迭代
当前初始状态:
F:79 U:22
num_Or:4006
参数大于2的OR: 
(AT N90) (AT N89) (AT N88) (AT N87) (AT N86) (AT N85) (AT N83) (AT N80) (AT N74) (AT N54) (AT N10) 
H:735


Cueing down from goal distance:  735 into depth [1][2][3][4][5][6][7][8][9][10][11][12]
                                 689            [1]
                                 363            [1]
                                 329            [1]
                                 304            [1]
                                 280            [1]
                                 276            [1]
                                 236            [1]
                                 131            [1]
                                 116            [1]
                                 105            [1][2]
                                 104            [1]
                                 103            [1][2]
                                  90            [1]
                                  89            [1]
                                  88            [1]
                                  87            [1]
                                  86            [1]
                                  85            [1]
                                  84            [1]
                                  83            [1]
                                  82            [1]
                                  81            [1]
                                  80            [1]
                                  79            [1]
                                  78            [1]
                                  77            [1]
                                  76            [1]
                                  75            [1]
                                  74            [1]
                                  73            [1]
                                  72            [1]
                                  71            [1]
                                  70            [1]
                                  69            [1]
                                  68            [1]
                                  67            [1]
                                  66            [1]
                                  65            [1]
                                  64            [1]
                                  63            [1]
                                  62            [1]
                                  61            [1]
                                  60            [1]
                                  59            [1]
                                  58            [1]
                                  57            [1]
                                  56            [1]
                                  55            [1]
                                  54            [1]
                                  53            [1]
                                  52            [1]
                                  51            [1]
                                  50            [1]
                                  49            [1]
                                  48            [1]
                                  47            [1]
                                  46            [1]
                                  45            [1]
                                  44            [1]
                                  43            [1][2]
                                  42            [1][2]
                                  41            [1]
                                  40            [1]
                                  39            [1]
                                  38            [1]
                                  37            [1]
                                  36            [1]
                                  35            [1]
                                  34            [1][2]
                                  33            [1][2]
                                  32            [1][2]
                                  31            [1][2]
                                  30            [1]
                                  29            [1][2]
                                  28            [1][2]
                                  27            [1][2]
                                  26            [1]
                                  25            [1][2]
                                  24            [1][2]
                                  23            [1]
                                  22            [1]
                                  21            [1]
                                  20            [1]
                                  19            [1]
                                  18            [1]
                                  17            [1][2]
                                  16            [1][2]
                                  15            [1][2]
                                  14            [1][2]
                                  13            [1][2]
                                  12            [1][2]
                                  11            [1][2]
                                  10            [1]
                                   9            [1][2]
                                   8            [1][2]
                                   7            [1]
                                   6            [1][2]
                                   5            [1][2]
                                   4            [1]
                                   3            [1][2]
                                   2            [1]
                                   0            

ff: found legal plan as follows
规划长度：138

var_size: 37668

当前收集的断言数：12512

1
找到反例！


第12次迭代
当前初始状态:
F:78 U:24
num_Or:4006
参数大于2的OR: 
(AT N90) (AT N89) (AT N88) (AT N87) (AT N86) (AT N85) (AT N83) (AT N80) (AT N74) (AT N54) (AT N53) (AT N10) 
H:804


Cueing down from goal distance:  804 into depth [1][2][3][4][5][6][7][8][9][10][11][12][13]
                                 742            [1]
                                 384            [1]
                                 354            [1]
                                 328            [1]
                                 310            [1]
                                 268            [1]
                                 264            [1]
                                 239            [1]
                                 131            [1]
                                 116            [1]
                                 105            [1][2]
                                 104            [1]
                                 103            [1][2]
                                  90            [1]
                                  89            [1]
                                  88            [1]
                                  87            [1]
                                  86            [1]
                                  85            [1]
                                  84            [1]
                                  83            [1]
                                  82            [1]
                                  81            [1]
                                  80            [1]
                                  79            [1]
                                  78            [1]
                                  77            [1]
                                  76            [1]
                                  75            [1]
                                  74            [1]
                                  73            [1]
                                  72            [1]
                                  71            [1]
                                  70            [1]
                                  69            [1]
                                  68            [1]
                                  67            [1]
                                  66            [1]
                                  65            [1]
                                  64            [1]
                                  63            [1]
                                  62            [1]
                                  61            [1]
                                  60            [1]
                                  59            [1]
                                  58            [1]
                                  57            [1]
                                  56            [1]
                                  55            [1]
                                  54            [1]
                                  53            [1]
                                  52            [1]
                                  51            [1]
                                  50            [1]
                                  49            [1]
                                  48            [1]
                                  47            [1]
                                  46            [1]
                                  45            [1]
                                  44            [1]
                                  43            [1][2]
                                  42            [1][2]
                                  41            [1]
                                  40            [1]
                                  39            [1]
                                  38            [1]
                                  37            [1]
                                  36            [1]
                                  35            [1]
                                  34            [1][2]
                                  33            [1][2]
                                  32            [1][2]
                                  31            [1][2]
                                  30            [1]
                                  29            [1][2]
                                  28            [1][2]
                                  27            [1][2]
                                  26            [1]
                                  25            [1][2]
                                  24            [1][2]
                                  23            [1]
                                  22            [1]
                                  21            [1]
                                  20            [1]
                                  19            [1]
                                  18            [1]
                                  17            [1][2]
                                  16            [1][2]
                                  15            [1][2]
                                  14            [1][2]
                                  13            [1][2]
                                  12            [1][2]
                                  11            [1][2]
                                  10            [1]
                                   9            [1][2]
                                   8            [1][2]
                                   7            [1]
                                   6            [1][2]
                                   5            [1][2]
                                   4            [1]
                                   3            [1][2]
                                   2            [1]
                                   0            

ff: found legal plan as follows
规划长度：140

var_size: 38210

当前收集的断言数：12692

1
找到反例！


第13次迭代
当前初始状态:
F:77 U:26
num_Or:4006
参数大于2的OR: 
(AT N90) (AT N89) (AT N88) (AT N87) (AT N86) (AT N85) (AT N83) (AT N80) (AT N74) (AT N54) (AT N53) (AT N44) (AT N10) 
H:845


Cueing down from goal distance:  845 into depth [1][2][3][4][5][6][7][8][9][10][11][12][13][14]
                                 785            [1]
                                 714            [1]
                                 682            [1]
                                 352            [1]
                                 327            [1]
                                 310            [1]
                                 268            [1]
                                 264            [1]
                                 239            [1]
                                 131            [1]
                                 116            [1]
                                 105            [1][2]
                                 104            [1]
                                 103            [1][2]
                                  90            [1]
                                  89            [1]
                                  88            [1]
                                  87            [1]
                                  86            [1]
                                  85            [1]
                                  84            [1]
                                  83            [1]
                                  82            [1]
                                  81            [1]
                                  80            [1]
                                  79            [1]
                                  78            [1]
                                  77            [1]
                                  76            [1]
                                  75            [1]
                                  74            [1]
                                  73            [1]
                                  72            [1]
                                  71            [1]
                                  70            [1]
                                  69            [1]
                                  68            [1]
                                  67            [1]
                                  66            [1]
                                  65            [1]
                                  64            [1]
                                  63            [1]
                                  62            [1]
                                  61            [1]
                                  60            [1]
                                  59            [1]
                                  58            [1]
                                  57            [1]
                                  56            [1]
                                  55            [1]
                                  54            [1]
                                  53            [1]
                                  52            [1]
                                  51            [1]
                                  50            [1]
                                  49            [1]
                                  48            [1]
                                  47            [1]
                                  46            [1]
                                  45            [1]
                                  44            [1]
                                  43            [1][2]
                                  42            [1][2]
                                  41            [1]
                                  40            [1]
                                  39            [1]
                                  38            [1]
                                  37            [1]
                                  36            [1]
                                  35            [1]
                                  34            [1][2]
                                  33            [1][2]
                                  32            [1][2]
                                  31            [1][2]
                                  30            [1]
                                  29            [1][2]
                                  28            [1][2]
                                  27            [1][2]
                                  26            [1]
                                  25            [1][2]
                                  24            [1][2]
                                  23            [1]
                                  22            [1]
                                  21            [1]
                                  20            [1]
                                  19            [1]
                                  18            [1]
                                  17            [1][2]
                                  16            [1][2]
                                  15            [1][2]
                                  14            [1][2]
                                  13            [1][2]
                                  12            [1][2]
                                  11            [1][2]
                                  10            [1]
                                   9            [1][2]
                                   8            [1][2]
                                   7            [1]
                                   6            [1][2]
                                   5            [1][2]
                                   4            [1]
                                   3            [1][2]
                                   2            [1]
                                   0            

ff: found legal plan as follows
规划长度：142

var_size: 38752

当前收集的断言数：12872

1
找到反例！


第14次迭代
当前初始状态:
F:76 U:28
num_Or:4006
参数大于2的OR: 
(AT N90) (AT N89) (AT N88) (AT N87) (AT N86) (AT N85) (AT N83) (AT N82) (AT N80) (AT N74) (AT N54) (AT N53) (AT N44) (AT N10) 
H:893


Cueing down from goal distance:  893 into depth [1][2][3][4][5][6][7][8][9][10][11][12][13][14][15]
                                 843            [1]
                                 792            [1]
                                 737            [1]
                                 688            [1]
                                 659            [1]
                                 600            [1]
                                 532            [1]
                                 294            [1]
                                 184            [1]
                                 165            [1]
                                 135            [1]
                                 115            [1]
                                 112            [1]
                                 111            [1]
                                 108            [1]
                                 104            [1]
                                 103            [1][2]
                                  90            [1]
                                  89            [1]
                                  88            [1]
                                  87            [1]
                                  86            [1]
                                  85            [1]
                                  84            [1]
                                  83            [1]
                                  82            [1]
                                  81            [1]
                                  80            [1]
                                  79            [1]
                                  78            [1]
                                  77            [1]
                                  76            [1]
                                  75            [1]
                                  74            [1]
                                  73            [1]
                                  72            [1]
                                  71            [1]
                                  70            [1]
                                  69            [1]
                                  68            [1]
                                  67            [1]
                                  66            [1]
                                  65            [1]
                                  64            [1]
                                  63            [1]
                                  62            [1]
                                  61            [1]
                                  60            [1]
                                  59            [1]
                                  58            [1]
                                  57            [1]
                                  56            [1]
                                  55            [1]
                                  54            [1]
                                  53            [1]
                                  52            [1]
                                  51            [1]
                                  50            [1]
                                  49            [1]
                                  48            [1]
                                  47            [1]
                                  46            [1]
                                  45            [1]
                                  44            [1]
                                  43            [1]
                                  42            [1]
                                  41            [1]
                                  40            [1]
                                  39            [1]
                                  38            [1]
                                  37            [1]
                                  36            [1]
                                  35            [1]
                                  34            [1]
                                  33            [1]
                                  32            [1]
                                  31            [1]
                                  30            [1][2]
                                  29            [1]
                                  28            [1]
                                  27            [1][2]
                                  26            [1][2]
                                  25            [1][2]
                                  24            [1][2]
                                  23            [1][2]
                                  22            [1][2]
                                  21            [1]
                                  20            [1][2]
                                  19            [1][2]
                                  18            [1][2]
                                  17            [1][2]
                                  16            [1][2]
                                  15            [1][2]
                                  14            [1][2]
                                  13            [1][2]
                                  11            [1][2]
                                  10            [1][2]
                                   9            [1][2]
                                   8            [1]
                                   7            [1]
                                   6            [1]
                                   5            [1]
                                   4            [1][2]
                                   3            [1][2]
                                   2            [1]
                                   0            

ff: found legal plan as follows
规划长度：141

var_size: 38481

当前收集的断言数：12782

1
找到反例！


第15次迭代
当前初始状态:
F:75 U:30
num_Or:4006
参数大于2的OR: 
(AT N90) (AT N89) (AT N88) (AT N87) (AT N86) (AT N85) (AT N84) (AT N83) (AT N82) (AT N80) (AT N74) (AT N54) (AT N53) (AT N44) (AT N10) 
H:938


Cueing down from goal distance:  938 into depth [1][2][3][4][5][6][7][8][9][10][11][12][13][14][15][16]
                                 894            [1]
                                 834            [1]
                                 799            [1]
                                 734            [1]
                                 723            [1]
                                 646            [1]
                                 599            [1]
                                 326            [1]
                                 203            [1]
                                 180            [1]
                                 153            [1]
                                 135            [1]
                                 115            [1]
                                 112            [1]
                                 111            [1]
                                 108            [1]
                                 104            [1]
                                 103            [1][2]
                                  90            [1]
                                  89            [1]
                                  88            [1]
                                  87            [1]
                                  86            [1]
                                  85            [1]
                                  84            [1]
                                  83            [1]
                                  82            [1]
                                  81            [1]
                                  80            [1]
                                  79            [1]
                                  78            [1]
                                  77            [1]
                                  76            [1]
                                  75            [1]
                                  74            [1]
                                  73            [1]
                                  72            [1]
                                  71            [1]
                                  70            [1]
                                  69            [1]
                                  68            [1]
                                  67            [1]
                                  66            [1]
                                  65            [1]
                                  64            [1]
                                  63            [1]
                                  62            [1]
                                  61            [1]
                                  60            [1]
                                  59            [1]
                                  58            [1]
                                  57            [1]
                                  56            [1]
                                  55            [1]
                                  54            [1]
                                  53            [1]
                                  52            [1]
                                  51            [1]
                                  50            [1]
                                  49            [1]
                                  48            [1]
                                  47            [1]
                                  46            [1]
                                  45            [1]
                                  44            [1]
                                  43            [1]
                                  42            [1]
                                  41            [1]
                                  40            [1]
                                  39            [1]
                                  38            [1]
                                  37            [1]
                                  36            [1]
                                  35            [1]
                                  34            [1]
                                  33            [1]
                                  32            [1]
                                  31            [1]
                                  30            [1][2]
                                  29            [1]
                                  28            [1]
                                  27            [1][2]
                                  26            [1][2]
                                  25            [1][2]
                                  24            [1][2]
                                  23            [1][2]
                                  22            [1][2]
                                  21            [1]
                                  20            [1][2]
                                  19            [1][2]
                                  18            [1][2]
                                  17            [1][2]
                                  16            [1][2]
                                  15            [1][2]
                                  14            [1][2]
                                  13            [1][2]
                                  11            [1][2]
                                  10            [1][2]
                                   9            [1][2]
                                   8            [1]
                                   7            [1]
                                   6            [1]
                                   5            [1]
                                   4            [1][2]
                                   3            [1][2]
                                   2            [1]
                                   0            

ff: found legal plan as follows
规划长度：143

var_size: 39023

当前收集的断言数：12962

1
找到反例！


第16次迭代
当前初始状态:
F:74 U:32
num_Or:4006
参数大于2的OR: 
(AT N90) (AT N89) (AT N88) (AT N87) (AT N86) (AT N85) (AT N84) (AT N83) (AT N82) (AT N81) (AT N80) (AT N74) (AT N54) (AT N53) (AT N44) (AT N10) 
H:987


Cueing down from goal distance:  987 into depth [1][2][3][4][5][6][7][8]TimeOut
now_time:3600.054967768956
