
1
找到反例！


第10次迭代
当前初始状态:
F:70 U:20
num_Or:781
参数大于2的OR: 
(AT N39) (AT N38) (AT N37) (AT N36) (AT N29) (AT N24) (AT N20) (AT N19) (AT N12) (AT N3) 
H:321


Cueing down from goal distance:  321 into depth [1]
                                 320            [1]
                                 319            [1]
                                 318            [1]
                                 317            [1]
                                 316            [1]
                                 315            [1]
                                 314            [1]
                                 313            [1]
                                 312            [1]
                                 311            [1][2]
                                 296            [1]
                                 271            [1]
                                 244            [1]
                                 215            [1]
                                 184            [1]
                                 151            [1]
                                 116            [1]
                                  79            [1]
                                  40            [1]
                                  39            [1]
                                  38            [1]
                                  37            [1]
                                  36            [1]
                                  35            [1]
                                  34            [1]
                                  33            [1]
                                  32            [1]
                                  31            [1]
                                  30            [1]
                                  29            [1]
                                  28            [1]
                                  27            [1]
                                  26            [1]
                                  25            [1]
                                  24            [1]
                                  23            [1]
                                  22            [1]
                                  21            [1]
                                  20            [1]
                                  19            [1]
                                  18            [1]
                                  17            [1]
                                  16            [1]
                                  15            [1]
                                  14            [1]
                                  13            [1]
                                  12            [1]
                                  11            [1]
                                  10            [1]
                                   9            [1]
                                   8            [1]
                                   7            [1]
                                   6            [1]
                                   5            [1]
                                   4            [1]
                                   3            [1]
                                   2            [1]
                                   0            

ff: found legal plan as follows
规划长度：59

var_size: 9659

当前收集的断言数：4802

1
找到反例！


第11次迭代
当前初始状态:
F:69 U:22
num_Or:781
参数大于2的OR: 
(AT N39) (AT N38) (AT N37) (AT N36) (AT N31) (AT N29) (AT N24) (AT N20) (AT N19) (AT N12) (AT N3) 
H:342


Cueing down from goal distance:  342 into depth [1]
                                 341            [1]
                                 340            [1]
                                 339            [1]
                                 338            [1]
                                 337            [1]
                                 336            [1]
                                 335            [1]
                                 334            [1]
                                 333            [1]
                                 332            [1]
                                 331            [1][2]
                                 319            [1]
                                 296            [1]
                                 271            [1]
                                 244            [1]
                                 215            [1]
                                 184            [1]
                                 151            [1]
                                 116            [1]
                                  79            [1]
                                  40            [1]
                                  39            [1]
                                  38            [1]
                                  37            [1]
                                  36            [1]
                                  35            [1]
                                  34            [1]
                                  33            [1]
                                  32            [1]
                                  31            [1]
                                  30            [1]
                                  29            [1]
                                  28            [1]
                                  27            [1]
                                  26            [1]
                                  25            [1]
                                  24            [1]
                                  23            [1]
                                  22            [1]
                                  21            [1]
                                  20            [1]
                                  19            [1]
                                  18            [1]
                                  17            [1]
                                  16            [1]
                                  15            [1]
                                  14            [1]
                                  13            [1]
                                  12            [1]
                                  11            [1]
                                  10            [1]
                                   9            [1]
                                   8            [1]
                                   7            [1]
                                   6            [1]
                                   5            [1]
                                   4            [1]
                                   3            [1]
                                   2            [1]
                                   0            

ff: found legal plan as follows
规划长度：61

var_size: 9981

当前收集的断言数：4962

1
找到反例！


第12次迭代
当前初始状态:
F:68 U:24
num_Or:781
参数大于2的OR: 
(AT N39) (AT N38) (AT N37) (AT N36) (AT N35) (AT N31) (AT N29) (AT N24) (AT N20) (AT N19) (AT N12) (AT N3) 
H:361


Cueing down from goal distance:  361 into depth [1]
                                 360            [1]
                                 359            [1]
                                 358            [1]
                                 357            [1]
                                 356            [1]
                                 355            [1]
                                 354            [1]
                                 353            [1]
                                 352            [1]
                                 351            [1]
                                 350            [1]
                                 349            [1][2]
                                 340            [1]
                                 319            [1]
                                 296            [1]
                                 271            [1]
                                 244            [1]
                                 215            [1]
                                 184            [1]
                                 151            [1]
                                 116            [1]
                                  79            [1]
                                  40            [1]
                                  39            [1]
                                  38            [1]
                                  37            [1]
                                  36            [1]
                                  35            [1]
                                  34            [1]
                                  33            [1]
                                  32            [1]
                                  31            [1]
                                  30            [1]
                                  29            [1]
                                  28            [1]
                                  27            [1]
                                  26            [1]
                                  25            [1]
                                  24            [1]
                                  23            [1]
                                  22            [1]
                                  21            [1]
                                  20            [1]
                                  19            [1]
                                  18            [1]
                                  17            [1]
                                  16            [1]
                                  15            [1]
                                  14            [1]
                                  13            [1]
                                  12            [1]
                                  11            [1]
                                  10            [1]
                                   9            [1]
                                   8            [1]
                                   7            [1]
                                   6            [1]
                                   5            [1]
                                   4            [1]
                                   3            [1]
                                   2            [1]
                                   0            

ff: found legal plan as follows
规划长度：63

var_size: 10303

当前收集的断言数：5122

1
找到反例！


第13次迭代
当前初始状态:
F:67 U:26
num_Or:781
参数大于2的OR: 
(AT N39) (AT N38) (AT N37) (AT N36) (AT N35) (AT N34) (AT N31) (AT N29) (AT N24) (AT N20) (AT N19) (AT N12) (AT N3) 
H:378


Cueing down from goal distance:  378 into depth [1]
                                 377            [1]
                                 376            [1]
                                 375            [1]
                                 374            [1]
                                 373            [1]
                                 372            [1]
                                 371            [1]
                                 370            [1]
                                 369            [1]
                                 368            [1]
                                 367            [1]
                                 366            [1]
                                 365            [1][2]
                                 359            [1]
                                 340            [1]
                                 319            [1]
                                 296            [1]
                                 271            [1]
                                 244            [1]
                                 215            [1]
                                 184            [1]
                                 151            [1]
                                 116            [1]
                                  79            [1]
                                  40            [1]
                                  39            [1]
                                  38            [1]
                                  37            [1]
                                  36            [1]
                                  35            [1]
                                  34            [1]
                                  33            [1]
                                  32            [1]
                                  31            [1]
                                  30            [1]
                                  29            [1]
                                  28            [1]
                                  27            [1]
                                  26            [1]
                                  25            [1]
                                  24            [1]
                                  23            [1]
                                  22            [1]
                                  21            [1]
                                  20            [1]
                                  19            [1]
                                  18            [1]
                                  17            [1]
                                  16            [1]
                                  15            [1]
                                  14            [1]
                                  13            [1]
                                  12            [1]
                                  11            [1]
                                  10            [1]
                                   9            [1]
                                   8            [1]
                                   7            [1]
                                   6            [1]
                                   5            [1]
                                   4            [1]
                                   3            [1]
                                   2            [1]
                                   0            

ff: found legal plan as follows
规划长度：65

var_size: 10625

当前收集的断言数：5282

1
找到反例！


第14次迭代
当前初始状态:
F:66 U:28
num_Or:781
参数大于2的OR: 
(AT N39) (AT N38) (AT N37) (AT N36) (AT N35) (AT N34) (AT N31) (AT N29) (AT N24) (AT N20) (AT N19) (AT N12) (AT N5) (AT N3) 
H:393


Cueing down from goal distance:  393 into depth [1]
                                 392            [1]
                                 391            [1]
                                 390            [1]
                                 389            [1]
                                 388            [1]
                                 387            [1]
                                 386            [1]
                                 385            [1]
                                 384            [1]
                                 383            [1]
                                 382            [1]
                                 381            [1]
                                 380            [1]
                                 379            [1][2]
                                 376            [1]
                                 359            [1]
                                 340            [1]
                                 319            [1]
                                 296            [1]
                                 271            [1]
                                 244            [1]
                                 215            [1]
                                 184            [1]
                                 151            [1]
                                 116            [1]
                                  79            [1]
                                  40            [1]
                                  39            [1]
                                  38            [1]
                                  37            [1]
                                  36            [1]
                                  35            [1]
                                  34            [1]
                                  33            [1]
                                  32            [1]
                                  31            [1]
                                  30            [1]
                                  29            [1]
                                  28            [1]
                                  27            [1]
                                  26            [1]
                                  25            [1]
                                  24            [1]
                                  23            [1]
                                  22            [1]
                                  21            [1]
                                  20            [1]
                                  19            [1]
                                  18            [1]
                                  17            [1]
                                  16            [1]
                                  15            [1]
                                  14            [1]
                                  13            [1]
                                  12            [1]
                                  11            [1]
                                  10            [1]
                                   9            [1]
                                   8            [1]
                                   7            [1]
                                   6            [1]
                                   5            [1]
                                   4            [1]
                                   3            [1]
                                   2            [1]
                                   0            

ff: found legal plan as follows
规划长度：67

var_size: 10947

当前收集的断言数：5442

1
找到反例！


第15次迭代
当前初始状态:
F:65 U:30
num_Or:781
参数大于2的OR: 
(AT N39) (AT N38) (AT N37) (AT N36) (AT N35) (AT N34) (AT N31) (AT N29) (AT N24) (AT N21) (AT N20) (AT N19) (AT N12) (AT N5) (AT N3) 
H:406


Cueing down from goal distance:  406 into depth [1]
                                 405            [1]
                                 404            [1]
                                 403            [1]
                                 402            [1]
                                 401            [1]
                                 400            [1]
                                 399            [1]
                                 398            [1]
                                 397            [1]
                                 396            [1]
                                 395            [1]
                                 394            [1]
                                 393            [1]
                                 392            [1]
                                 391            [1][2][3]
                                 376            [1]
                                 359            [1]
                                 340            [1]
                                 319            [1]
                                 296            [1]
                                 271            [1]
                                 244            [1]
                                 215            [1]
                                 184            [1]
                                 151            [1]
                                 116            [1]
                                  79            [1]
                                  40            [1]
                                  39            [1]
                                  38            [1]
                                  37            [1]
                                  36            [1]
                                  35            [1]
                                  34            [1]
                                  33            [1]
                                  32            [1]
                                  31            [1]
                                  30            [1]
                                  29            [1]
                                  28            [1]
                                  27            [1]
                                  26            [1]
                                  25            [1]
                                  24            [1]
                                  23            [1]
                                  22            [1]
                                  21            [1]
                                  20            [1]
                                  19            [1]
                                  18            [1]
                                  17            [1]
                                  16            [1]
                                  15            [1]
                                  14            [1]
                                  13            [1]
                                  12            [1]
                                  11            [1]
                                  10            [1]
                                   9            [1]
                                   8            [1]
                                   7            [1]
                                   6            [1]
                                   5            [1]
                                   4            [1]
                                   3            [1]
                                   2            [1]
                                   0            

ff: found legal plan as follows
规划长度：69

var_size: 11269

当前收集的断言数：5602

1
找到反例！


第16次迭代
当前初始状态:
F:64 U:32
num_Or:781
参数大于2的OR: 
(AT N39) (AT N38) (AT N37) (AT N36) (AT N35) (AT N34) (AT N31) (AT N29) (AT N24) (AT N21) (AT N20) (AT N19) (AT N14) (AT N12) (AT N5) (AT N3) 
H:417


Cueing down from goal distance:  417 into depth [1]
                                 416            [1]
                                 415            [1]
                                 414            [1]
                                 413            [1]
                                 412            [1]
                                 411            [1]
                                 410            [1]
                                 409            [1]
                                 408            [1]
                                 407            [1]
                                 406            [1]
                                 405            [1]
                                 404            [1]
                                 403            [1]
                                 402            [1]
                                 401            [1][2][3]
                                 391            [1]
                                 376            [1]
                                 359            [1]
                                 340            [1]
                                 319            [1]
                                 296            [1]
                                 271            [1]
                                 244            [1]
                                 215            [1]
                                 184            [1]
                                 151            [1]
                                 116            [1]
                                  79            [1]
                                  40            [1]
                                  39            [1]
                                  38            [1]
                                  37            [1]
                                  36            [1]
                                  35            [1]
                                  34            [1]
                                  33            [1]
                                  32            [1]
                                  31            [1]
                                  30            [1]
                                  29            [1]
                                  28            [1]
                                  27            [1]
                                  26            [1]
                                  25            [1]
                                  24            [1]
                                  23            [1]
                                  22            [1]
                                  21            [1]
                                  20            [1]
                                  19            [1]
                                  18            [1]
                                  17            [1]
                                  16            [1]
                                  15            [1]
                                  14            [1]
                                  13            [1]
                                  12            [1]
                                  11            [1]
                                  10            [1]
                                   9            [1]
                                   8            [1]
                                   7            [1]
                                   6            [1]
                                   5            [1]
                                   4            [1]
                                   3            [1]
                                   2            [1]
                                   0            

ff: found legal plan as follows
规划长度：71

var_size: 11591

当前收集的断言数：5762

1
找到反例！


第17次迭代
当前初始状态:
F:63 U:34
num_Or:781
参数大于2的OR: 
(AT N39) (AT N38) (AT N37) (AT N36) (AT N35) (AT N34) (AT N31) (AT N29) (AT N24) (AT N21) (AT N20) (AT N19) (AT N15) (AT N14) (AT N12) (AT N5) (AT N3) 
H:426


Cueing down from goal distance:  426 into depth [1]
                                 425            [1]
                                 424            [1]
                                 423            [1]
                                 422            [1]
                                 421            [1]
                                 420            [1]
                                 419            [1]
                                 418            [1]
                                 417            [1]
                                 416            [1]
                                 415            [1]
                                 414            [1]
                                 413            [1]
                                 412            [1]
                                 411            [1]
                                 410            [1]
                                 409            [1][2][3]
                                 404            [1]
                                 391            [1]
                                 376            [1]
                                 359            [1]
                                 340            [1]
                                 319            [1]
                                 296            [1]
                                 271            [1]
                                 244            [1]
                                 215            [1]
                                 184            [1]
                                 151            [1]
                                 116            [1]
                                  79            [1]
                                  40            [1]
                                  39            [1]
                                  38            [1]
                                  37            [1]
                                  36            [1]
                                  35            [1]
                                  34            [1]
                                  33            [1]
                                  32            [1]
                                  31            [1]
                                  30            [1]
                                  29            [1]
                                  28            [1]
                                  27            [1]
                                  26            [1]
                                  25            [1]
                                  24            [1]
                                  23            [1]
                                  22            [1]
                                  21            [1]
                                  20            [1]
                                  19            [1]
                                  18            [1]
                                  17            [1]
                                  16            [1]
                                  15            [1]
                                  14            [1]
                                  13            [1]
                                  12            [1]
                                  11            [1]
                                  10            [1]
                                   9            [1]
                                   8            [1]
                                   7            [1]
                                   6            [1]
                                   5            [1]
                                   4            [1]
                                   3            [1]
                                   2            [1]
                                   0            

ff: found legal plan as follows
规划长度：73

var_size: 11913

当前收集的断言数：5922

1
找到反例！


第18次迭代
当前初始状态:
F:62 U:36
num_Or:781
参数大于2的OR: 
(AT N39) (AT N38) (AT N37) (AT N36) (AT N35) (AT N34) (AT N31) (AT N29) (AT N24) (AT N21) (AT N20) (AT N19) (AT N15) (AT N14) (AT N12) (AT N5) (AT N4) (AT N3) 
H:433


Cueing down from goal distance:  433 into depth [1]
                                 432            [1]
                                 431            [1]
                                 430            [1]
                                 429            [1]
                                 428            [1]
                                 427            [1]
                                 426            [1]
                                 425            [1]
                                 424            [1]
                                 423            [1]
                                 422            [1]
                                 421            [1]
                                 420            [1]
                                 419            [1]
                                 418            [1]
                                 417            [1]
                                 416            [1]
                                 415            [1][2][3][4]
                                 404            [1]
                                 391            [1]
                                 376            [1]
                                 359            [1]
                                 340            [1]
                                 319            [1]
                                 296            [1]
                                 271            [1]
                                 244            [1]
                                 215            [1]
                                 184            [1]
                                 151            [1]
                                 116            [1]
                                  79            [1]
                                  40            [1]
                                  39            [1]
                                  38            [1]
                                  37            [1]
                                  36            [1]
                                  35            [1]
                                  34            [1]
                                  33            [1]
                                  32            [1]
                                  31            [1]
                                  30            [1]
                                  29            [1]
                                  28            [1]
                                  27            [1]
                                  26            [1]
                                  25            [1]
                                  24            [1]
                                  23            [1]
                                  22            [1]
                                  21            [1]
                                  20            [1]
                                  19            [1]
                                  18            [1]
                                  17            [1]
                                  16            [1]
                                  15            [1]
                                  14            [1]
                                  13            [1]
                                  12            [1]
                                  11            [1]
                                  10            [1]
                                   9            [1]
                                   8            [1]
                                   7            [1]
                                   6            [1]
                                   5            [1]
                                   4            [1]
                                   3            [1]
                                   2            [1]
                                   0            

ff: found legal plan as follows
规划长度：75

var_size: 12235

当前收集的断言数：6082

1
找到反例！


第19次迭代
当前初始状态:
F:61 U:38
num_Or:781
参数大于2的OR: 
(AT N39) (AT N38) (AT N37) (AT N36) (AT N35) (AT N34) (AT N31) (AT N29) (AT N24) (AT N21) (AT N20) (AT N19) (AT N15) (AT N14) (AT N12) (AT N11) (AT N5) (AT N4) (AT N3) 
H:438


Cueing down from goal distance:  438 into depth [1]
                                 437            [1]
                                 436            [1]
                                 435            [1]
                                 434            [1]
                                 433            [1]
                                 432            [1]
                                 431            [1]
                                 430            [1]
                                 429            [1]
                                 428            [1]
                                 427            [1]
                                 426            [1]
                                 425            [1]
                                 424            [1]
                                 423            [1]
                                 422            [1]
                                 421            [1]
                                 420            [1]
                                 419            [1][2][3][4]
                                 415            [1]
                                 404            [1]
                                 391            [1]
                                 376            [1]
                                 359            [1]
                                 340            [1]
                                 319            [1]
                                 296            [1]
                                 271            [1]
                                 244            [1]
                                 215            [1]
                                 184            [1]
                                 151            [1]
                                 116            [1]
                                  79            [1]
                                  40            [1]
                                  39            [1]
                                  38            [1]
                                  37            [1]
                                  36            [1]
                                  35            [1]
                                  34            [1]
                                  33            [1]
                                  32            [1]
                                  31            [1]
                                  30            [1]
                                  29            [1]
                                  28            [1]
                                  27            [1]
                                  26            [1]
                                  25            [1]
                                  24            [1]
                                  23            [1]
                                  22            [1]
                                  21            [1]
                                  20            [1]
                                  19            [1]
                                  18            [1]
                                  17            [1]
                                  16            [1]
                                  15            [1]
                                  14            [1]
                                  13            [1]
                                  12            [1]
                                  11            [1]
                                  10            [1]
                                   9            [1]
                                   8            [1]
                                   7            [1]
                                   6            [1]
                                   5            [1]
                                   4            [1]
                                   3            [1]
                                   2            [1]
                                   0            

ff: found legal plan as follows
规划长度：77

var_size: 12557

当前收集的断言数：6242

1
找到反例！


第20次迭代
当前初始状态:
F:60 U:40
num_Or:781
参数大于2的OR: 
(AT N39) (AT N38) (AT N37) (AT N36) (AT N35) (AT N34) (AT N31) (AT N29) (AT N24) (AT N21) (AT N20) (AT N19) (AT N15) (AT N14) (AT N12) (AT N11) (AT N5) (AT N4) (AT N3) (AT N1) 
H:441


Cueing down from goal distance:  441 into depth [1]
                                 440            [1]
                                 439            [1]
                                 438            [1]
                                 437            [1]
                                 436            [1]
                                 435            [1]
                                 434            [1]
                                 433            [1]
                                 432            [1]
                                 431            [1]
                                 430            [1]
                                 429            [1]
                                 428            [1]
                                 427            [1]
                                 426            [1]
                                 425            [1]
                                 424            [1]
                                 423            [1]
                                 422            [1]
                                 421            [1]

Enforced Hill-climbing failed !
switching to Best-first Search now.

advancing to distance :  441
                         440
                         439
                         438
                         437
                         436
                         435
                         434
                         433
                         432
                         431
                         430
                         429
                         428
                         427
                         426
                         425
                         424
                         423
                         422
                         421
                         409
                         385
                         359
                         331
                         311
                         289
                         265
                         239
                         211
                         181
                         149
                         115
                          79
                          41
                          40
                          39
                          38
                          37
                          36
                          35
                          34
                          33
                          32
                          31
                          30
                          29
                          28
                          27
                          26
                          25
                          24
                          23
                          22
                          21
                          20
                          19
                          18
                          17
                          16
                          15
                          14
                          13
                          12
                          11
                          10
                           9
                           8
                           7
                           6
                           5
                           4
                           3
                           2
                           0corrupted double-linked list
timeout: the monitored command dumped core
Out of Memory
now_time:1384.1442770699796
