1
找到反例！


第11次迭代
当前初始状态:
F:420 U:26
num_Or:30747
参数大于2的OR: 
(OBJ-AT O1 P12-12) (OBJ-AT O1 P12-11) (OBJ-AT O1 P12-10) (OBJ-AT O1 P10-12) (OBJ-AT O1 P8-12) (OBJ-AT O1 P8-2) (OBJ-AT O1 P6-9) (OBJ-AT O1 P4-10) (OBJ-AT O1 P2-8) 
(OBJ-AT O2 P12-12) (OBJ-AT O2 P9-8) (OBJ-AT O2 P3-6) (OBJ-AT O2 P1-11) 
H:64


Cueing down from goal distance:   64 into depth [1]
                                  62            [1]
                                  60            [1]
                                  57            [1]
                                  56            [1][2]
                                  54            [1]
                                  52            [1][2][3]
                                  51            [1][2][3]
                                  50            [1][2][3]
                                  49            [1][2][3][4][5][6]
                                  48            [1]
                                  47            [1]
                                  46            [1]
                                  45            [1]
                                  44            [1][2][3][4][5][6][7]
                                  43            [1][2][3][4][5][6][7][8]
                                  42            [1][2][3][4][5][6][7]
                                  41            [1][2][3][4][5]
                                  40            [1]
                                  39            [1]
                                  38            [1]
                                  37            [1]
                                  36            [1][2][3][4][5][6][7][8]
                                  35            [1][2][3][4]
                                  33            [1][2][3][4]
                                  32            [1]
                                  31            [1][2][3][4][5]
                                  30            [1][2][3][4][5][6][7]
                                  28            [1]
                                  26            [1]
                                  24            [1]
                                  22            [1]
                                  20            [1]
                                  18            [1][2][3][4][5]
                                  17            [1]
                                  16            [1]
                                  15            [1]
                                  14            [1]
                                  13            [1]
                                  12            [1]
                                  11            [1]
                                  10            [1]
                                   9            [1]
                                   8            [1]
                                   7            [1]
                                   6            [1]
                                   5            [1]
                                   4            [1]
                                   3            [1]
                                   2            [1]
                                   0            

ff: found legal plan as follows
规划长度：112

var_size: 102394

当前收集的断言数：48818

1
找到反例！


第12次迭代
当前初始状态:
F:419 U:28
num_Or:30747
参数大于2的OR: 
(OBJ-AT O1 P12-12) (OBJ-AT O1 P12-11) (OBJ-AT O1 P12-10) (OBJ-AT O1 P10-12) (OBJ-AT O1 P8-12) (OBJ-AT O1 P8-2) (OBJ-AT O1 P6-9) (OBJ-AT O1 P4-10) (OBJ-AT O1 P2-8) 
(OBJ-AT O2 P12-12) (OBJ-AT O2 P9-8) (OBJ-AT O2 P5-8) (OBJ-AT O2 P3-6) (OBJ-AT O2 P1-11) 
H:66


Cueing down from goal distance:   66 into depth [1]
                                  64            [1]
                                  61            [1]
                                  58            [1]
                                  55            [1][2][3]
                                  53            [1][2][3][4][5]
                                  52            [1][2][3][4][5][6][7][8][9]
                                  51            [1][2][3][4][5][6][7][8][9]
                                  48            [1][2][3][4][5]
                                  47            [1][2][3][4][5]
                                  46            [1][2][3][4][5][6][7]
                                  45            [1]
                                  44            [1]
                                  43            [1][2][3][4][5][6][7][8][9]
                                  42            [1][2][3][4][5][6][7][8][9]
                                  41            [1]
                                  40            [1]
                                  39            [1]
                                  38            [1]
                                  37            [1][2][3][4][5][6][7][8][9]
                                  36            [1][2]
                                  35            [1][2][3][4]
                                  33            [1][2][3][4]
                                  32            [1]
                                  31            [1][2][3][4][5]
                                  30            [1][2][3][4][5][6][7]
                                  28            [1]
                                  26            [1]
                                  24            [1]
                                  22            [1]
                                  20            [1]
                                  18            [1][2][3][4][5]
                                  17            [1]
                                  16            [1]
                                  15            [1]
                                  14            [1]
                                  13            [1]
                                  12            [1]
                                  11            [1]
                                  10            [1]
                                   9            [1]
                                   8            [1]
                                   7            [1]
                                   6            [1]
                                   5            [1]
                                   4            [1]
                                   3            [1]
                                   2            [1]
                                   0            

ff: found legal plan as follows
规划长度：129

var_size: 118043

当前收集的断言数：56162

1
找到反例！


第13次迭代
当前初始状态:
F:418 U:30
num_Or:30747
参数大于2的OR: 
(OBJ-AT O1 P12-12) (OBJ-AT O1 P12-11) (OBJ-AT O1 P12-10) (OBJ-AT O1 P10-12) (OBJ-AT O1 P8-12) (OBJ-AT O1 P8-10) (OBJ-AT O1 P8-2) (OBJ-AT O1 P6-9) (OBJ-AT O1 P4-10) (OBJ-AT O1 P2-8) 
(OBJ-AT O2 P12-12) (OBJ-AT O2 P9-8) (OBJ-AT O2 P5-8) (OBJ-AT O2 P3-6) (OBJ-AT O2 P1-11) 
H:67


Cueing down from goal distance:   67 into depth [1]
                                  65            [1]
                                  62            [1]
                                  59            [1]
                                  56            [1][2][3]
                                  54            [1][2][3][4][5]
                                  53            [1][2][3][4][5]
                                  52            [1][2][3][4][5][6][7][8][9]
                                  51            [1][2][3][4][5][6][7][8][9]
                                  48            [1][2][3][4][5]
                                  47            [1][2][3][4][5]
                                  46            [1][2][3][4][5][6][7]
                                  45            [1]
                                  44            [1]
                                  43            [1][2][3][4][5][6][7][8][9]
                                  42            [1][2][3][4][5][6][7][8][9]
                                  41            [1]
                                  40            [1]
                                  39            [1]
                                  38            [1]
                                  37            [1][2][3][4][5][6][7][8][9]
                                  36            [1][2]
                                  35            [1][2][3][4]
                                  33            [1][2][3][4]
                                  32            [1]
                                  31            [1][2][3][4][5]
                                  30            [1][2][3][4][5][6][7]
                                  28            [1]
                                  26            [1]
                                  24            [1]
                                  22            [1]
                                  20            [1]
                                  18            [1][2][3][4][5]
                                  17            [1]
                                  16            [1]
                                  15            [1]
                                  14            [1]
                                  13            [1]
                                  12            [1]
                                  11            [1]
                                  10            [1]
                                   9            [1]
                                   8            [1]
                                   7            [1]
                                   6            [1]
                                   5            [1]
                                   4            [1]
                                   3            [1]
                                   2            [1]
                                   0            

ff: found legal plan as follows
规划长度：134

var_size: 122683

当前收集的断言数：58322

1
找到反例！


第14次迭代
当前初始状态:
F:415 U:36
num_Or:30891
参数大于2的OR: 
(OBJ-AT O1 P12-12) (OBJ-AT O1 P12-11) (OBJ-AT O1 P12-10) (OBJ-AT O1 P10-12) (OBJ-AT O1 P9-9) (OBJ-AT O1 P8-12) (OBJ-AT O1 P8-10) (OBJ-AT O1 P8-2) (OBJ-AT O1 P6-9) (OBJ-AT O1 P4-10) (OBJ-AT O1 P2-8) 
(OBJ-AT O2 P12-12) (OBJ-AT O2 P9-8) (OBJ-AT O2 P5-8) (OBJ-AT O2 P3-6) (OBJ-AT O2 P1-11) 
H:72


Cueing down from goal distance:   72 into depth [1]
                                  70            [1]
                                  67            [1]
                                  63            [1]
                                  59            [1][2]
                                  58            [1]
                                  57            [1][2][3][4]
                                  56            [1]
                                  55            [1][2][3][4][5]
                                  54            [1]
                                  53            [1][2][3][4][5][6][7][8][9]
                                  52            [1][2][3][4][5][6][7][8][9]
                                  51            [1][2][3][4][5][6][7][8]
                                  49            [1]
                                  48            [1]
                                  47            [1]
                                  46            [1][2][3][4][5][6][7][8][9][10]
                                  45            [1][2][3][4][5][6][7]
                                  43            [1][2][3][4][5][6][7][8][9][10][11]
                                  42            [1][2][3][4][5][6][7][8][9]
                                  41            [1]
                                  40            [1]
                                  39            [1]
                                  38            [1]
                                  37            [1][2][3][4][5][6][7][8][9]
                                  36            [1][2]
                                  35            [1][2][3][4]
                                  33            [1][2][3][4]
                                  32            [1]
                                  31            [1][2][3][4][5]
                                  30            [1][2][3][4][5][6][7]
                                  28            [1]
                                  26            [1]
                                  24            [1]
                                  22            [1]
                                  20            [1]
                                  18            [1][2][3][4][5]
                                  17            [1]
                                  16            [1]
                                  15            [1]
                                  14            [1]
                                  13            [1]
                                  12            [1]
                                  11            [1]
                                  10            [1]
                                   9            [1]
                                   8            [1]
                                   7            [1]
                                   6            [1]
                                   5            [1]
                                   4            [1]
                                   3            [1]
                                   2            [1]
                                   0            

ff: found legal plan as follows
规划长度：146

var_size: 134035

当前收集的断言数：63506

1
找到反例！


第15次迭代
当前初始状态:
F:414 U:38
num_Or:30891
参数大于2的OR: 
(OBJ-AT O1 P12-12) (OBJ-AT O1 P12-11) (OBJ-AT O1 P12-10) (OBJ-AT O1 P10-12) (OBJ-AT O1 P9-9) (OBJ-AT O1 P8-12) (OBJ-AT O1 P8-10) (OBJ-AT O1 P8-2) (OBJ-AT O1 P6-9) (OBJ-AT O1 P4-10) (OBJ-AT O1 P2-8) 
(OBJ-AT O2 P12-12) (OBJ-AT O2 P9-8) (OBJ-AT O2 P5-8) (OBJ-AT O2 P3-6) (OBJ-AT O2 P2-11) (OBJ-AT O2 P1-11) 
H:76


Cueing down from goal distance:   76 into depth [1]
                                  74            [1]
                                  71            [1]
                                  67            [1]
                                  63            [1][2]
                                  62            [1]
                                  61            [1][2][3][4]
                                  60            [1]
                                  59            [1][2]
                                  58            [1]
                                  57            [1][2][3][4][5][6]
                                  55            [1][2]
                                  54            [1][2][3][4][5][6][7][8]
                                  53            [1][2][3][4][5][6]
                                  52            [1]
                                  51            [1]
                                  50            [1]
                                  49            [1]
                                  48            [1][2][3][4][5][6][7][8][9]
                                  47            [1][2][3][4][5][6][7][8][9][10]
                                  46            [1][2]
                                  45            [1]
                                  44            [1][2][3][4][5][6][7]
                                  43            [1][2][3][4][5]
                                  42            [1]
                                  41            [1]
                                  40            [1]
                                  39            [1]
                                  38            [1][2][3][4][5][6][7]
                                  37            [1]
                                  36            [1]
                                  35            [1][2][3][4]
                                  33            [1][2][3][4]
                                  32            [1]
                                  31            [1][2][3][4][5]
                                  30            [1][2][3][4][5][6][7]
                                  28            [1]
                                  26            [1]
                                  24            [1]
                                  22            [1]
                                  20            [1]
                                  18            [1][2][3][4][5]
                                  17            [1]
                                  16            [1]
                                  15            [1]
                                  14            [1]
                                  13            [1]
                                  12            [1]
                                  11            [1]
                                  10            [1]
                                   9            [1]
                                   8            [1]
                                   7            [1]
                                   6            [1]
                                   5            [1]
                                   4            [1]
                                   3            [1]
                                   2            [1]
                                   0            

ff: found legal plan as follows
规划长度：135

var_size: 123880

当前收集的断言数：58754

1
找到反例！


第16次迭代
当前初始状态:
F:412 U:42
num_Or:30891
参数大于2的OR: 
(OBJ-AT O1 P12-12) (OBJ-AT O1 P12-11) (OBJ-AT O1 P12-10) (OBJ-AT O1 P10-12) (OBJ-AT O1 P9-9) (OBJ-AT O1 P8-12) (OBJ-AT O1 P8-10) (OBJ-AT O1 P8-2) (OBJ-AT O1 P6-9) (OBJ-AT O1 P6-1) (OBJ-AT O1 P4-10) (OBJ-AT O1 P2-8) 
(OBJ-AT O2 P12-12) (OBJ-AT O2 P9-8) (OBJ-AT O2 P5-8) (OBJ-AT O2 P4-10) (OBJ-AT O2 P3-6) (OBJ-AT O2 P2-11) (OBJ-AT O2 P1-11) 
H:79


Cueing down from goal distance:   79 into depth [1]
                                  77            [1]
                                  74            [1]
                                  71            [1]
                                  68            [1][2][3]
                                  66            [1][2][3][4]
                                  65            [1]
                                  64            [1][2][3]
                                  62            [1][2][3][4][5]
                                  61            [1]
                                  60            [1][2]
                                  59            [1][2][3][4][5][6][7][8]
                                  58            [1]
                                  56            [1][2][3][4][5]
                                  55            [1][2][3][4][5]
                                  54            [1][2][3][4]
                                  53            [1]
                                  51            [1]
                                  50            [1]
                                  49            [1][2][3][4][5][6][7][8][9]
                                  48            [1]
                                  46            [1]
                                  44            [1][2][3][4][5][6][7][8]
                                  43            [1][2]
                                  42            [1][2][3][4]
                                  40            [1][2][3]
                                  39            [1]
                                  38            [1]
                                  37            [1][2][3][4][5]
                                  36            [1][2][3][4][5][6][7]
                                  35            [1]
                                  34            [1]
                                  33            [1]
                                  32            [1][2][3][4][5][6][7][8]
                                  31            [1]
                                  30            [1][2][3][4][5][6][7][8][9][10][11][12]
                                  28            [1]
                                  25            [1]
                                  24            [1]
                                  23            [1][2][3][4][5][6][7][8]
                                  21            [1]
                                  20            [1]
                                  19            [1]
                                  18            [1]
                                  17            [1]
                                  16            [1]
                                  15            [1]
                                  14            [1]
                                  13            [1]
                                  12            [1]
                                  11            [1]
                                  10            [1]
                                   8            [1]
                                   7            [1]
                                   6            [1][2]
                                   5            [1]
                                   4            [1]
                                   3            [1]
                                   2            [1]
                                   0            

ff: found legal plan as follows
规划长度：146

var_size: 133748

当前收集的断言数：63506

1
找到反例！


第17次迭代
当前初始状态:
F:411 U:44
num_Or:30891
参数大于2的OR: 
(OBJ-AT O1 P12-12) (OBJ-AT O1 P12-11) (OBJ-AT O1 P12-10) (OBJ-AT O1 P10-12) (OBJ-AT O1 P9-9) (OBJ-AT O1 P8-12) (OBJ-AT O1 P8-10) (OBJ-AT O1 P8-2) (OBJ-AT O1 P6-9) (OBJ-AT O1 P6-1) (OBJ-AT O1 P4-10) (OBJ-AT O1 P2-8) 
(OBJ-AT O2 P12-12) (OBJ-AT O2 P9-8) (OBJ-AT O2 P5-8) (OBJ-AT O2 P4-10) (OBJ-AT O2 P3-6) (OBJ-AT O2 P2-11) (OBJ-AT O2 P2-2) (OBJ-AT O2 P1-11) 
H:84


Cueing down from goal distance:   84 into depth [1]
                                  82            [1]
                                  79            [1]
                                  77            [1]
                                  75            [1][2][3]
                                  73            [1][2][3][4]
                                  72            [1]
                                  71            [1][2][3]
                                  69            [1][2][3]
                                  68            [1][2][3]
                                  67            [1][2][3][4]
                                  66            [1][2][3][4][5][6][7]
                                  65            [1]
                                  64            [1]
                                  63            [1][2][3][4][5]
                                  62            [1][2][3][4][5]
                                  61            [1][2][3][4]
                                  60            [1]
                                  58            [1]
                                  57            [1]
                                  56            [1][2][3][4][5][6][7][8]
                                  55            [1][2]
                                  54            [1][2][3]
                                  52            [1][2]
                                  51            [1]
                                  50            [1]
                                  49            [1][2][3][4][5]
                                  48            [1][2][3][4][5]
                                  47            [1]
                                  46            [1]
                                  45            [1]
                                  44            [1][2][3][4][5][6]
                                  43            [1]
                                  42            [1][2][3][4][5][6][7][8][9]
                                  41            [1][2][3]
                                  40            [1][2][3][4]
                                  39            [1][2][3][4]
                                  37            [1]
                                  36            [1]
                                  35            [1]
                                  34            [1]
                                  33            [1]
                                  32            [1]
                                  31            [1]
                                  30            [1]
                                  29            [1]
                                  28            [1]
                                  27            [1]
                                  26            [1]
                                  24            [1]
                                  22            [1]
                                  20            [1]
                                  18            [1]
                                  16            [1]
                                  14            [1]
                                  12            [1]
                                  10            [1]
                                   9            [1]
                                   8            [1]
                                   7            [1]
                                   6            [1]
                                   5            [1]
                                   4            [1]
                                   3            [1]
                                   2            [1]
                                   0            

ff: found legal plan as follows
规划长度：136

var_size: 124424

当前收集的断言数：59186

1
找到反例！


第18次迭代
当前初始状态:
F:410 U:46
num_Or:30891
参数大于2的OR: 
(OBJ-AT O1 P12-12) (OBJ-AT O1 P12-11) (OBJ-AT O1 P12-10) (OBJ-AT O1 P10-12) (OBJ-AT O1 P9-9) (OBJ-AT O1 P8-12) (OBJ-AT O1 P8-10) (OBJ-AT O1 P8-2) (OBJ-AT O1 P6-9) (OBJ-AT O1 P6-1) (OBJ-AT O1 P4-10) (OBJ-AT O1 P2-8) 
(OBJ-AT O2 P12-12) (OBJ-AT O2 P9-8) (OBJ-AT O2 P7-10) (OBJ-AT O2 P5-8) (OBJ-AT O2 P4-10) (OBJ-AT O2 P3-6) (OBJ-AT O2 P2-11) (OBJ-AT O2 P2-2) (OBJ-AT O2 P1-11) 
H:85


Cueing down from goal distance:   85 into depth [1]
                                  83            [1]
                                  80            [1]
                                  78            [1]
                                  77            [1][2][3]
                                  76            [1]
                                  75            [1][2][3]
                                  74            [1]
                                  73            [1][2]
                                  72            [1]
                                  71            [1][2][3][4]
                                  69            [1][2][3][4]
                                  68            [1][2][3]
                                  67            [1][2][3][4]
                                  66            [1][2][3][4][5][6][7]
                                  65            [1]
                                  64            [1]
                                  63            [1][2][3][4][5]
                                  62            [1][2][3][4][5]
                                  61            [1][2][3][4]
                                  60            [1]
                                  58            [1]
                                  57            [1]
                                  56            [1][2][3][4][5][6][7][8]
                                  55            [1][2]
                                  54            [1][2][3]
                                  52            [1][2]
                                  51            [1]
                                  50            [1]
                                  49            [1][2][3][4][5]
                                  48            [1][2][3][4][5]
                                  47            [1]
                                  46            [1]
                                  45            [1]
                                  44            [1][2][3][4][5][6]
                                  43            [1]
                                  42            [1][2][3][4][5][6][7][8][9]
                                  41            [1][2][3]
                                  40            [1][2][3][4]
                                  39            [1][2][3][4]
                                  37            [1]
                                  36            [1]
                                  35            [1]
                                  34            [1]
                                  33            [1]
                                  32            [1]
                                  31            [1]
                                  30            [1]
                                  29            [1]
                                  28            [1]
                                  27            [1]
                                  26            [1]
                                  24            [1]
                                  22            [1]
                                  20            [1]
                                  18            [1]
                                  16            [1]
                                  14            [1]
                                  12            [1]
                                  10            [1]
                                   9            [1]
                                   8            [1]
                                   7            [1]
                                   6            [1]
                                   5            [1]
                                   4            [1]
                                   3            [1]
                                   2            [1]
                                   0            

ff: found legal plan as follows
规划长度：141

var_size: 129071

当前收集的断言数：61346

1
找到反例！


第19次迭代
当前初始状态:
F:409 U:48
num_Or:30891
参数大于2的OR: 
(OBJ-AT O1 P12-12) (OBJ-AT O1 P12-11) (OBJ-AT O1 P12-10) (OBJ-AT O1 P10-12) (OBJ-AT O1 P9-9) (OBJ-AT O1 P8-12) (OBJ-AT O1 P8-10) (OBJ-AT O1 P8-2) (OBJ-AT O1 P6-9) (OBJ-AT O1 P6-7) (OBJ-AT O1 P6-1) (OBJ-AT O1 P4-10) (OBJ-AT O1 P2-8) 
(OBJ-AT O2 P12-12) (OBJ-AT O2 P9-8) (OBJ-AT O2 P7-10) (OBJ-AT O2 P5-8) (OBJ-AT O2 P4-10) (OBJ-AT O2 P3-6) (OBJ-AT O2 P2-11) (OBJ-AT O2 P2-2) (OBJ-AT O2 P1-11) 
H:86


Cueing down from goal distance:   86 into depth [1]
                                  84            [1]
                                  83            [1]
                                  80            [1]
                                  78            [1]
                                  77            [1][2][3]
                                  76            [1]
                                  75            [1][2][3]
                                  74            [1]
                                  73            [1][2]
                                  72            [1]
                                  71            [1][2][3][4]
                                  69            [1][2][3][4]
                                  68            [1][2][3]
                                  67            [1][2][3][4]
                                  66            [1][2][3][4][5][6][7]
                                  65            [1]
                                  64            [1]
                                  63            [1][2][3][4][5]
                                  62            [1][2][3][4][5]
                                  61            [1][2][3][4]
                                  60            [1]
                                  58            [1]
                                  57            [1]
                                  56            [1][2][3][4][5][6][7][8]
                                  55            [1][2]
                                  54            [1][2][3]
                                  52            [1][2]
                                  51            [1]
                                  50            [1]
                                  49            [1][2][3][4][5]
                                  48            [1][2][3][4][5]
                                  47            [1]
                                  46            [1]
                                  45            [1]
                                  44            [1][2][3][4][5][6]
                                  43            [1]
                                  42            [1][2][3][4][5][6][7][8][9]
                                  41            [1][2][3]
                                  40            [1][2][3][4]
                                  39            [1][2][3][4]
                                  37            [1]
                                  36            [1]
                                  35            [1]
                                  34            [1]
                                  33            [1]
                                  32            [1]
                                  31            [1]
                                  30            [1]
                                  29            [1]
                                  28            [1]
                                  27            [1]
                                  26            [1]
                                  24            [1]
                                  22            [1]
                                  20            [1]
                                  18            [1]
                                  16            [1]
                                  14            [1]
                                  12            [1]
                                  10            [1]
                                   9            [1]
                                   8            [1]
                                   7            [1]
                                   6            [1]
                                   5            [1]
                                   4            [1]
                                   3            [1]
                                   2            [1]
                                   0            

ff: found legal plan as follows
规划长度：142

var_size: 130000

当前收集的断言数：61778

1
找到反例！


第20次迭代
当前初始状态:
F:408 U:50
num_Or:30891
参数大于2的OR: 
(OBJ-AT O1 P12-12) (OBJ-AT O1 P12-11) (OBJ-AT O1 P12-10) (OBJ-AT O1 P10-12) (OBJ-AT O1 P9-9) (OBJ-AT O1 P8-12) (OBJ-AT O1 P8-10) (OBJ-AT O1 P8-2) (OBJ-AT O1 P6-9) (OBJ-AT O1 P6-7) (OBJ-AT O1 P6-1) (OBJ-AT O1 P4-10) (OBJ-AT O1 P2-8) 
(OBJ-AT O2 P12-12) (OBJ-AT O2 P9-8) (OBJ-AT O2 P7-10) (OBJ-AT O2 P5-8) (OBJ-AT O2 P4-10) (OBJ-AT O2 P4-9) (OBJ-AT O2 P3-6) (OBJ-AT O2 P2-11) (OBJ-AT O2 P2-2) (OBJ-AT O2 P1-11) 
H:87


Cueing down from goal distance:   87 into depth [1]
                                  85            [1]
                                  84            [1]
                                  81            [1]
                                  79            [1]
                                  78            [1][2][3]
                                  76            [1][2][3][4]
                                  75            [1]
                                  74            [1][2][3]
                                  72            [1]
                                  71            [1][2]
                                  70            [1][2][3]
                                  69            [1][2]
                                  68            [1][2][3][4][5]
                                  67            [1][2][3][4][5][6][7][8]
                                  66            [1]
                                  65            [1][2][3][4][5]
                                  64            [1][2][3][4][5]
                                  63            [1][2][3][4]
                                  62            [1]
                                  60            [1]
                                  59            [1]
                                  58            [1][2][3][4][5][6][7][8]
                                  57            [1][2][3]
                                  56            [1][2][3][4]
                                  54            [1][2][3][4][5]
                                  52            [1][2][3][4][5][6][7][8][9]
                                  51            [1]
                                  50            [1][2][3][4][5][6][7][8][9][10][11][12]
                                  49            [1][2][3][4][5][6][7][8]
                                  47            [1][2][3]
                                  46            [1]
                                  45            [1]
                                  44            [1]
                                  43            [1]
                                  42            [1]
                                  41            [1][2][3][4][5][6]
                                  40            [1]
                                  39            [1][2][3][4][5]
                                  37            [1][2][3]
                                  36            [1][2][3][4]
                                  35            [1]
                                  34            [1]
                                  33            [1]
                                  30            [1]
                                  29            [1]
                                  28            [1]
                                  27            [1]
                                  26            [1]
                                  25            [1]
                                  24            [1]
                                  22            [1]
                                  20            [1]
                                  18            [1]
                                  16            [1]
                                  14            [1]
                                  12            [1]
                                  10            [1]
                                   9            [1]
                                   8            [1]
                                   7            [1]
                                   6            [1]
                                   5            [1]
                                   4            [1]
                                   3            [1]
                                   2            [1]
                                   0            

ff: found legal plan as follows
规划长度：157

var_size: 143543

当前收集的断言数：68258

1
找到反例！


第21次迭代
当前初始状态:
F:406 U:54
num_Or:30891
参数大于2的OR: 
(OBJ-AT O1 P12-12) (OBJ-AT O1 P12-11) (OBJ-AT O1 P12-10) (OBJ-AT O1 P10-12) (OBJ-AT O1 P9-9) (OBJ-AT O1 P8-12) (OBJ-AT O1 P8-10) (OBJ-AT O1 P8-2) (OBJ-AT O1 P6-9) (OBJ-AT O1 P6-7) (OBJ-AT O1 P6-1) (OBJ-AT O1 P4-10) (OBJ-AT O1 P2-8) 
(OBJ-AT O2 P12-12) (OBJ-AT O2 P9-8) (OBJ-AT O2 P7-10) (OBJ-AT O2 P7-1) (OBJ-AT O2 P5-8) (OBJ-AT O2 P4-10) (OBJ-AT O2 P4-9) (OBJ-AT O2 P3-6) (OBJ-AT O2 P2-11) (OBJ-AT O2 P2-2) (OBJ-AT O2 P1-11) 
(OBJ-AT O3 P11-10) (OBJ-AT O3 P8-10) (OBJ-AT O3 P3-6) 
H:90


Cueing down from goal distance:   90 into depth [1]
                                  88            [1]
                                  87            [1]
                                  84            [1]
                                  81            [1]
                                  80            [1][2][3]
                                  78            [1][2][3][4]
                                  77            [1]
                                  76            [1][2][3]
                                  74            [1]
                                  73            [1][2][3]
                                  72            [1][2][3][4]
                                  71            [1][2]
                                  70            [1][2][3][4][5]
                                  69            [1][2][3][4][5][6][7][8]
                                  68            [1]
                                  67            [1][2][3][4][5]
                                  66            [1][2][3][4][5]
                                  65            [1][2][3][4]
                                  64            [1]
                                  62            [1]
                                  61            [1]
                                  60            [1][2][3][4][5][6][7][8][9]
                                  59            [1]
                                  57            [1]
                                  55            [1]
                                  54            [1][2][3][4][5]
                                  53            [1][2][3][4]
                                  52            [1][2][3]
                                  51            [1]
                                  50            [1][2][3][4]
                                  49            [1][2][3]
                                  47            [1][2]
                                  46            [1][2][3][4]
                                  44            [1][2][3][4]
                                  43            [1]
                                  42            [1][2][3][4][5]
                                  41            [1]
                                  40            [1][2][3][4][5][6][7]
                                  38            [1]
                                  36            [1]
                                  34            [1]
                                  32            [1]
                                  31            [1][2][3][4][5][6][7][8][9]
                                  29            [1]
                                  28            [1]
                                  27            [1]
                                  26            [1]
                                  25            [1]
                                  24            [1]
                                  23            [1]
                                  22            [1]
                                  21            [1]
                                  20            [1]
                                  19            [1]
                                  18            [1]
                                  15            [1]
                                  14            [1]
                                  13            [1][2]
                                  12            [1][2]
                                  11            [1][2][3]
                                   9            [1]
                                   8            [1]
                                   7            [1]
                                   6            [1]
                                   5            [1]
                                   4            [1]
                                   3            [1]
                                   2            [1]
                                   0            

ff: found legal plan as follows
规划长度：155

var_size: 142413

当前收集的断言数：67394

1
找到反例！


第22次迭代
当前初始状态:
F:405 U:56
num_Or:30891
参数大于2的OR: 
(OBJ-AT O1 P12-12) (OBJ-AT O1 P12-11) (OBJ-AT O1 P12-10) (OBJ-AT O1 P10-12) (OBJ-AT O1 P9-9) (OBJ-AT O1 P8-12) (OBJ-AT O1 P8-10) (OBJ-AT O1 P8-2) (OBJ-AT O1 P6-9) (OBJ-AT O1 P6-7) (OBJ-AT O1 P6-1) (OBJ-AT O1 P4-10) (OBJ-AT O1 P2-8) 
(OBJ-AT O2 P12-12) (OBJ-AT O2 P9-8) (OBJ-AT O2 P7-10) (OBJ-AT O2 P7-1) (OBJ-AT O2 P5-8) (OBJ-AT O2 P4-10) (OBJ-AT O2 P4-9) (OBJ-AT O2 P3-6) (OBJ-AT O2 P2-11) (OBJ-AT O2 P2-2) (OBJ-AT O2 P1-11) 
(OBJ-AT O3 P11-10) (OBJ-AT O3 P8-10) (OBJ-AT O3 P4-7) (OBJ-AT O3 P3-6) 
H:91


Cueing down from goal distance:   91 into depth [1]
                                  89            [1]
                                  88            [1]
                                  86            [1]
                                  83            [1]
                                  82            [1][2][3]
                                  80            [1][2][3][4]
                                  79            [1]
                                  78            [1]
                                  77            [1][2][3][4][5]
                                  76            [1][2][3][4][5][6]
                                  75            [1]
                                  74            [1][2][3][4][5][6][7]
                                  73            [1][2]
                                  71            [1]
                                  70            [1][2][3][4][5]
                                  69            [1][2][3][4][5]
                                  68            [1][2][3][4]
                                  67            [1]
                                  65            [1]
                                  64            [1]
                                  63            [1][2][3][4][5][6][7][8]
                                  62            [1][2][3]
                                  61            [1][2][3]
                                  60            [1]
                                  59            [1]
                                  58            [1][2][3]
                                  57            [1][2][3][4][5]
                                  56            [1]
                                  55            [1]
                                  54            [1]
                                  53            [1][2][3][4][5][6][7]
                                  52            [1][2][3][4][5][6][7][8][9][10][11][12][13]
                                  51            [1]
                                  50            [1]
                                  48            [1]
                                  47            [1]
                                  46            [1][2][3][4][5][6][7][8][9]
                                  45            [1][2]
                                  44            [1]
                                  43            [1][2][3][4][5][6]
                                  40            [1][2][3][4][5][6][7]
                                  39            [1][2][3]
                                  38            [1][2][3][4][5]
                                  36            [1]
                                  34            [1]
                                  32            [1]
                                  31            [1][2]
                                  30            [1]
                                  29            [1][2]
                                  28            [1][2]
                                  27            [1][2][3]
                                  25            [1][2][3][4][5]
                                  24            [1]
                                  23            [1]
                                  22            [1]
                                  21            [1]
                                  20            [1]
                                  19            [1]
                                  18            [1]
                                  17            [1]
                                  16            [1]
                                  15            [1]
                                  14            [1]
                                  13            [1]
                                  12            [1]
                                  11            [1]
                                  10            [1]
                                   9            [1]
                                   8            [1]
                                   7            [1]
                                   6            [1]
                                   5            [1]
                                   4            [1]
                                   3            [1]
                                   2            [1]Out of Memory
now_time:1693.9700537039898
