1
找到反例！


第17次迭代
当前初始状态:
F:240 U:34
num_Or:32641
参数大于2的OR: 
(OBJ-AT O1 P16-14) (OBJ-AT O1 P15-1) (OBJ-AT O1 P14-15) (OBJ-AT O1 P14-9) (OBJ-AT O1 P14-1) (OBJ-AT O1 P13-14) (OBJ-AT O1 P13-9) (OBJ-AT O1 P13-8) (OBJ-AT O1 P13-1) (OBJ-AT O1 P12-4) (OBJ-AT O1 P10-16) (OBJ-AT O1 P9-5) (OBJ-AT O1 P8-8) (OBJ-AT O1 P6-7) (OBJ-AT O1 P4-13) (OBJ-AT O1 P3-7) (OBJ-AT O1 P1-5) 
H:89


Cueing down from goal distance:   89 into depth [1]
                                  88            [1]
                                  86            [1]
                                  80            [1]
                                  76            [1]
                                  74            [1]
                                  73            [1]
                                  72            [1]
                                  69            [1]
                                  67            [1][2][3]
                                  66            [1][2][3][4][5]
                                  65            [1][2][3][4][5][6][7]
                                  64            [1]
                                  62            [1][2][3][4][5][6][7]
                                  61            [1][2][3][4][5][6][7][8][9][10][11][12]
                                  60            [1][2][3][4][5][6][7][8][9][10]
                                  59            [1][2][3][4][5][6][7][8][9][10]
                                  56            [1]
                                  53            [1]
                                  52            [1][2][3]
                                  51            [1]
                                  50            [1]
                                  49            [1][2][3][4][5][6]
                                  47            [1][2][3][4][5][6][7][8][9][10][11][12][13][14][15]
                                  46            [1][2][3][4]
                                  45            [1][2][3][4]
                                  44            [1]
                                  43            [1]
                                  42            [1]
                                  41            [1]
                                  40            [1][2][3][4][5]
                                  37            [1][2][3][4][5][6][7]
                                  35            [1]
                                  34            [1][2]
                                  33            [1]
                                  32            [1]
                                  31            [1]
                                  30            [1]
                                  29            [1]
                                  28            [1]
                                  27            [1][2][3][4][5]
                                  26            [1]
                                  25            [1]
                                  24            [1]
                                  23            [1]
                                  22            [1]
                                  21            [1]
                                  20            [1]
                                  19            [1]
                                  18            [1]
                                  17            [1]
                                  16            [1]
                                  15            [1]
                                  14            [1]
                                  13            [1]
                                  12            [1]
                                  11            [1]
                                  10            [1]
                                   9            [1]
                                   8            [1]
                                   7            [1]
                                   6            [1]
                                   5            [1]
                                   4            [1]
                                   3            [1]
                                   2            [1]
                                   0            

ff: found legal plan as follows
规划长度：155

var_size: 87566

当前收集的断言数：39938

1
找到反例！


第18次迭代
当前初始状态:
F:239 U:36
num_Or:32641
参数大于2的OR: 
(OBJ-AT O1 P16-14) (OBJ-AT O1 P15-1) (OBJ-AT O1 P14-15) (OBJ-AT O1 P14-9) (OBJ-AT O1 P14-1) (OBJ-AT O1 P13-14) (OBJ-AT O1 P13-9) (OBJ-AT O1 P13-8) (OBJ-AT O1 P13-1) (OBJ-AT O1 P12-4) (OBJ-AT O1 P10-16) (OBJ-AT O1 P10-15) (OBJ-AT O1 P9-5) (OBJ-AT O1 P8-8) (OBJ-AT O1 P6-7) (OBJ-AT O1 P4-13) (OBJ-AT O1 P3-7) (OBJ-AT O1 P1-5) 
H:90


Cueing down from goal distance:   90 into depth [1]
                                  89            [1]
                                  87            [1]
                                  81            [1]
                                  77            [1]
                                  76            [1]
                                  75            [1]
                                  74            [1]
                                  72            [1]
                                  71            [1][2][3]
                                  70            [1]
                                  69            [1][2][3][4][5][6][7]
                                  68            [1][2][3][4][5][6]
                                  67            [1][2][3][4][5][6][7]
                                  66            [1]
                                  65            [1]
                                  64            [1]
                                  62            [1][2][3][4][5][6][7][8][9][10][11][12][13][14][15]
                                  60            [1][2][3][4][5][6][7][8][9][10][11][12][13][14][15][16]
                                  59            [1][2][3][4][5][6][7][8][9][10][11][12][13][14][15]
                                  58            [1][2][3][4][5][6][7][8][9][10][11][12][13][14]
                                  57            [1][2][3][4][5][6][7][8][9][10][11][12][13]
                                  55            [1]
                                  54            [1]
                                  51            [1]
                                  48            [1]
                                  47            [1]
                                  46            [1]
                                  45            [1][2][3][4][5][6][7][8][9][10][11][12][13][14][15][16][17][18][19][20]
                                  44            [1]
                                  42            [1]
                                  40            [1]
                                  38            [1][2][3]
                                  37            [1][2][3][4][5]
                                  35            [1]
                                  34            [1]
                                  33            [1]
                                  32            [1]
                                  31            [1][2][3]
                                  29            [1][2][3]
                                  28            [1]
                                  27            [1]
                                  26            [1]
                                  25            [1]
                                  24            [1]
                                  23            [1]
                                  22            [1]
                                  21            [1]
                                  20            [1]
                                  19            [1]
                                  18            [1]
                                  17            [1]
                                  16            [1]
                                  14            [1]
                                  13            [1]
                                  12            [1]
                                  11            [1]
                                  10            [1]
                                   9            [1]
                                   8            [1]
                                   7            [1]
                                   6            [1]
                                   5            [1]
                                   4            [1]
                                   3            [1]
                                   2            [1]
                                   0            

ff: found legal plan as follows
规划长度：182

var_size: 103477

当前收集的断言数：46850

1
找到反例！


第19次迭代
当前初始状态:
F:238 U:38
num_Or:32641
参数大于2的OR: 
(OBJ-AT O1 P16-16) (OBJ-AT O1 P16-14) (OBJ-AT O1 P15-1) (OBJ-AT O1 P14-15) (OBJ-AT O1 P14-9) (OBJ-AT O1 P14-1) (OBJ-AT O1 P13-14) (OBJ-AT O1 P13-9) (OBJ-AT O1 P13-8) (OBJ-AT O1 P13-1) (OBJ-AT O1 P12-4) (OBJ-AT O1 P10-16) (OBJ-AT O1 P10-15) (OBJ-AT O1 P9-5) (OBJ-AT O1 P8-8) (OBJ-AT O1 P6-7) (OBJ-AT O1 P4-13) (OBJ-AT O1 P3-7) (OBJ-AT O1 P1-5) 
H:97


Cueing down from goal distance:   97 into depth [1]
                                  96            [1]
                                  94            [1]
                                  88            [1]
                                  84            [1]
                                  82            [1]
                                  81            [1]
                                  80            [1]
                                  77            [1]
                                  75            [1][2][3]
                                  74            [1][2][3][4][5]
                                  73            [1][2][3][4][5][6][7]
                                  72            [1]
                                  70            [1][2][3][4][5][6][7]
                                  69            [1][2][3][4][5][6][7][8][9][10][11][12]
                                  68            [1][2][3][4][5][6][7][8][9][10]
                                  67            [1][2][3][4][5][6][7][8][9][10]
                                  63            [1]
                                  61            [1]
                                  60            [1][2][3]
                                  59            [1]
                                  58            [1]
                                  57            [1][2][3][4][5][6]
                                  55            [1][2][3][4][5][6][7][8][9][10][11][12][13][14][15]
                                  54            [1][2][3]
                                  53            [1]
                                  52            [1]
                                  51            [1]
                                  50            [1]
                                  49            [1]
                                  48            [1][2][3]
                                  47            [1][2][3]
                                  46            [1]
                                  45            [1]
                                  44            [1]
                                  43            [1]
                                  42            [1]
                                  41            [1]
                                  40            [1][2][3][4][5][6][7]
                                  38            [1]
                                  37            [1][2]
                                  36            [1]
                                  35            [1]
                                  34            [1]
                                  33            [1]
                                  32            [1]
                                  31            [1]
                                  30            [1][2][3][4][5]
                                  29            [1]
                                  28            [1]
                                  27            [1]
                                  26            [1]
                                  25            [1]
                                  24            [1]
                                  23            [1]
                                  22            [1]
                                  21            [1]
                                  20            [1]
                                  19            [1]
                                  18            [1]
                                  17            [1]
                                  16            [1]
                                  15            [1]
                                  14            [1]
                                  13            [1]
                                  12            [1]
                                  11            [1]
                                  10            [1]
                                   9            [1]
                                   8            [1]
                                   7            [1]
                                   6            [1]
                                   5            [1]
                                   4            [1]
                                   3            [1]
                                   2            [1]
                                   0            

ff: found legal plan as follows
规划长度：161

var_size: 92422

当前收集的断言数：41474

1
找到反例！


第20次迭代
当前初始状态:
F:237 U:40
num_Or:32641
参数大于2的OR: 
(OBJ-AT O1 P16-16) (OBJ-AT O1 P16-14) (OBJ-AT O1 P15-6) (OBJ-AT O1 P15-1) (OBJ-AT O1 P14-15) (OBJ-AT O1 P14-9) (OBJ-AT O1 P14-1) (OBJ-AT O1 P13-14) (OBJ-AT O1 P13-9) (OBJ-AT O1 P13-8) (OBJ-AT O1 P13-1) (OBJ-AT O1 P12-4) (OBJ-AT O1 P10-16) (OBJ-AT O1 P10-15) (OBJ-AT O1 P9-5) (OBJ-AT O1 P8-8) (OBJ-AT O1 P6-7) (OBJ-AT O1 P4-13) (OBJ-AT O1 P3-7) (OBJ-AT O1 P1-5) 
H:105


Cueing down from goal distance:  105 into depth [1]
                                 104            [1]
                                 102            [1]
                                  95            [1]
                                  90            [1]
                                  87            [1]
                                  86            [1]
                                  85            [1]
                                  81            [1]
                                  78            [1][2][3]
                                  77            [1][2][3][4][5]
                                  76            [1][2][3][4][5][6]
                                  75            [1]
                                  73            [1][2][3][4][5][6][7]
                                  72            [1]
                                  70            [1][2][3][4][5][6][7]
                                  69            [1][2][3][4][5][6][7][8][9][10][11][12]
                                  68            [1][2][3][4][5][6][7][8][9][10]
                                  67            [1][2][3][4][5][6][7][8][9][10]
                                  63            [1]
                                  61            [1]
                                  60            [1][2][3]
                                  59            [1]
                                  58            [1]
                                  57            [1][2][3][4][5][6]
                                  55            [1][2][3][4][5][6][7][8][9][10][11][12][13][14][15]
                                  54            [1][2][3]
                                  53            [1]
                                  52            [1]
                                  51            [1]
                                  50            [1]
                                  49            [1]
                                  48            [1][2][3]
                                  47            [1][2][3]
                                  46            [1]
                                  45            [1]
                                  44            [1]
                                  43            [1]
                                  42            [1]
                                  41            [1]
                                  40            [1][2][3][4][5][6][7]
                                  38            [1]
                                  37            [1][2]
                                  36            [1]
                                  35            [1]
                                  34            [1]
                                  33            [1]
                                  32            [1]
                                  31            [1]
                                  30            [1][2][3][4][5]
                                  29            [1]
                                  28            [1]
                                  27            [1]
                                  26            [1]
                                  25            [1]
                                  24            [1]
                                  23            [1]
                                  22            [1]
                                  21            [1]
                                  20            [1]
                                  19            [1]
                                  18            [1]
                                  17            [1]
                                  16            [1]
                                  15            [1]
                                  14            [1]
                                  13            [1]
                                  12            [1]
                                  11            [1]
                                  10            [1]
                                   9            [1]
                                   8            [1]
                                   7            [1]
                                   6            [1]
                                   5            [1]
                                   4            [1]
                                   3            [1]
                                   2            [1]
                                   0            

ff: found legal plan as follows
规划长度：168

var_size: 96716

当前收集的断言数：43266

1
找到反例！


第21次迭代
当前初始状态:
F:236 U:42
num_Or:32641
参数大于2的OR: 
(OBJ-AT O1 P16-16) (OBJ-AT O1 P16-14) (OBJ-AT O1 P15-6) (OBJ-AT O1 P15-1) (OBJ-AT O1 P14-15) (OBJ-AT O1 P14-9) (OBJ-AT O1 P14-1) (OBJ-AT O1 P13-14) (OBJ-AT O1 P13-9) (OBJ-AT O1 P13-8) (OBJ-AT O1 P13-1) (OBJ-AT O1 P12-4) (OBJ-AT O1 P10-16) (OBJ-AT O1 P10-15) (OBJ-AT O1 P9-5) (OBJ-AT O1 P8-8) (OBJ-AT O1 P6-7) (OBJ-AT O1 P4-13) (OBJ-AT O1 P3-7) (OBJ-AT O1 P1-10) (OBJ-AT O1 P1-5) 
H:108


Cueing down from goal distance:  108 into depth [1]
                                 107            [1]
                                 104            [1]
                                  97            [1]
                                  92            [1]
                                  89            [1]
                                  86            [1]
                                  85            [1]
                                  83            [1]
                                  82            [1]
                                  81            [1][2][3][4][5]
                                  80            [1][2][3][4][5][6]
                                  79            [1]
                                  78            [1][2][3][4][5][6][7]
                                  77            [1]
                                  74            [1][2][3][4][5][6][7]
                                  73            [1][2][3][4][5][6][7][8][9][10][11][12][13][14]
                                  72            [1][2][3][4][5][6][7][8][9][10][11][12][13][14]
                                  69            [1]
                                  67            [1]
                                  66            [1][2]
                                  64            [1]
                                  63            [1]
                                  62            [1]
                                  61            [1][2][3][4][5][6]
                                  59            [1][2][3][4][5][6][7][8][9][10][11][12][13][14]
                                  57            [1]
                                  55            [1][2][3]
                                  54            [1]
                                  53            [1]
                                  52            [1]
                                  51            [1]
                                  50            [1]
                                  49            [1][2][3]
                                  48            [1][2][3]
                                  47            [1]
                                  46            [1]
                                  45            [1]
                                  44            [1]
                                  43            [1]
                                  42            [1]
                                  41            [1][2][3][4][5][6][7]
                                  39            [1]
                                  38            [1][2]
                                  37            [1]
                                  36            [1]
                                  35            [1][2]
                                  34            [1]
                                  33            [1][2][3][4]
                                  32            [1]
                                  31            [1]
                                  30            [1][2][3][4][5]
                                  29            [1]
                                  28            [1]
                                  27            [1]
                                  26            [1]
                                  25            [1]
                                  24            [1]
                                  23            [1]
                                  22            [1]
                                  21            [1]
                                  20            [1]
                                  19            [1]
                                  18            [1]
                                  17            [1]
                                  16            [1]
                                  15            [1]
                                  14            [1]
                                  13            [1]
                                  12            [1]
                                  11            [1]
                                  10            [1]
                                   9            [1]
                                   8            [1]
                                   7            [1]
                                   6            [1]
                                   5            [1]
                                   4            [1]
                                   3            [1]
                                   2            [1]
                                   0            

ff: found legal plan as follows
规划长度：167

var_size: 95517

当前收集的断言数：43010

1
找到反例！


第22次迭代
当前初始状态:
F:235 U:44
num_Or:32641
参数大于2的OR: 
(OBJ-AT O1 P16-16) (OBJ-AT O1 P16-14) (OBJ-AT O1 P15-6) (OBJ-AT O1 P15-1) (OBJ-AT O1 P14-15) (OBJ-AT O1 P14-9) (OBJ-AT O1 P14-1) (OBJ-AT O1 P13-14) (OBJ-AT O1 P13-9) (OBJ-AT O1 P13-8) (OBJ-AT O1 P13-1) (OBJ-AT O1 P12-4) (OBJ-AT O1 P10-16) (OBJ-AT O1 P10-15) (OBJ-AT O1 P9-5) (OBJ-AT O1 P8-8) (OBJ-AT O1 P6-7) (OBJ-AT O1 P4-13) (OBJ-AT O1 P3-12) (OBJ-AT O1 P3-7) (OBJ-AT O1 P1-10) (OBJ-AT O1 P1-5) 
H:113


Cueing down from goal distance:  113 into depth [1]
                                 112            [1]
                                 108            [1]
                                 101            [1]
                                  96            [1]
                                  93            [1]
                                  90            [1]
                                  88            [1]
                                  87            [1][2]
                                  86            [1][2][3][4]
                                  84            [1][2][3][4][5][6][7][8][9]
                                  83            [1]
                                  80            [1][2][3][4][5][6][7]
                                  79            [1][2][3][4][5][6][7][8][9][10][11][12][13]
                                  78            [1][2][3][4][5][6][7][8][9][10][11][12]
                                  77            [1]
                                  76            [1]
                                  75            [1]
                                  74            [1]
                                  73            [1][2][3][4][5][6][7][8][9][10][11]
                                  72            [1][2][3][4][5][6][7][8][9][10][11][12][13]
                                  71            [1][2][3][4][5][6][7][8][9]
                                  70            [1][2][3][4][5][6][7][8][9]
                                  69            [1][2][3][4][5][6][7][8][9]
                                  68            [1][2][3][4][5][6][7][8][9][10][11][12]
                                  67            [1]
                                  66            [1]
                                  65            [1]
                                  64            [1][2][3][4][5][6][7][8][9][10][11][12]
                                  63            [1][2][3][4][5][6]
                                  61            [1]
                                  58            [1]
                                  57            [1][2][3][4][5][6][7][8]
                                  56            [1][2]
                                  55            [1]
                                  54            [1][2][3][4][5][6]
                                  53            [1][2][3][4][5]
                                  50            [1]
                                  47            [1]
                                  44            [1][2][3][4][5][6][7][8][9][10][11][12][13]
                                  43            [1][2][3][4]
                                  41            [1]
                                  39            [1]
                                  37            [1]
                                  35            [1]
                                  33            [1]
                                  31            [1]
                                  29            [1]
                                  27            [1]
                                  25            [1]
                                  24            [1]
                                  23            [1][2]
                                  22            [1]
                                  21            [1]
                                  20            [1]
                                  19            [1]
                                  18            [1]
                                  17            [1]
                                  16            [1]
                                  15            [1]
                                  14            [1]
                                  13            [1]
                                  12            [1]
                                  11            [1]
                                  10            [1]
                                   9            [1]
                                   8            [1]
                                   7            [1]
                                   6            [1]
                                   5            [1]
                                   4            [1]
                                   3            [1]
                                   2            [1]
                                   0            

ff: found legal plan as follows
规划长度：220

var_size: 129895

当前收集的断言数：56578

1
找到反例！


第23次迭代
当前初始状态:
F:234 U:46
num_Or:32641
参数大于2的OR: 
(OBJ-AT O1 P16-16) (OBJ-AT O1 P16-14) (OBJ-AT O1 P15-6) (OBJ-AT O1 P15-1) (OBJ-AT O1 P14-15) (OBJ-AT O1 P14-9) (OBJ-AT O1 P14-1) (OBJ-AT O1 P13-14) (OBJ-AT O1 P13-9) (OBJ-AT O1 P13-8) (OBJ-AT O1 P13-1) (OBJ-AT O1 P12-4) (OBJ-AT O1 P10-16) (OBJ-AT O1 P10-15) (OBJ-AT O1 P9-5) (OBJ-AT O1 P8-8) (OBJ-AT O1 P6-7) (OBJ-AT O1 P5-11) (OBJ-AT O1 P4-13) (OBJ-AT O1 P3-12) (OBJ-AT O1 P3-7) (OBJ-AT O1 P1-10) (OBJ-AT O1 P1-5) 
H:117


Cueing down from goal distance:  117 into depth [1]
                                 116            [1]
                                 111            [1]
                                 110            [1][2]
                                 104            [1]
                                 103            [1][2]
                                  99            [1]
                                  98            [1][2]
                                  96            [1]
                                  95            [1][2]
                                  93            [1]
                                  92            [1][2]
                                  91            [1]
                                  90            [1]
                                  89            [1][2][3][4]
                                  88            [1]
                                  87            [1][2][3][4][5]
                                  86            [1][2][3][4][5][6][7][8]
                                  85            [1][2][3][4][5][6][7][8][9][10][11]
                                  84            [1]
                                  82            [1][2][3][4][5][6][7][8][9][10][11][12]
                                  81            [1][2][3][4][5][6][7]
                                  79            [1][2][3][4][5][6][7][8][9][10][11][12][13]
                                  78            [1]
                                  77            [1]
                                  76            [1]
                                  75            [1][2][3][4][5][6][7][8][9][10][11][12][13]
                                  74            [1][2][3][4][5][6][7][8][9][10][11][12][13][14]
                                  73            [1][2][3][4][5][6][7]
                                  72            [1][2][3][4][5][6][7]
                                  71            [1][2][3][4][5][6][7]
                                  70            [1][2][3][4][5][6][7][8][9][10][11]
                                  69            [1]
                                  67            [1]
                                  66            [1][2][3][4][5][6][7][8][9][10][11][12][13][14]
                                  64            [1]
                                  62            [1]
                                  59            [1]
                                  58            [1]
                                  56            [1]
                                  55            [1]
                                  54            [1]
                                  53            [1]
                                  52            [1][2][3][4][5][6][7][8][9][10]
                                  51            [1]
                                  50            [1][2][3][4][5]
                                  49            [1]
                                  47            [1]
                                  46            [1][2][3][4][5]
                                  45            [1]
                                  44            [1]
                                  43            [1][2][3][4]
                                  42            [1][2][3][4][5][6]
                                  41            [1]
                                  38            [1]
                                  35            [1]
                                  34            [1]
                                  33            [1]
                                  32            [1]
                                  31            [1]
                                  30            [1]
                                  29            [1]
                                  28            [1][2][3][4][5][6][7][8][9]
                                  27            [1][2]
                                  26            [1][2]
                                  25            [1]
                                  24            [1]
                                  23            [1]
                                  22            [1]
                                  21            [1]
                                  20            [1]
                                  19            [1]
                                  18            [1]
                                  17            [1]
                                  16            [1]
                                  15            [1]
                                  14            [1]
                                  13            [1]
                                  12            [1]
                                  11            [1]
                                  10            [1]
                                   9            [1]
                                   8            [1]
                                   7            [1]
                                   6            [1]
                                   5            [1]
                                   4            [1]
                                   3            [1]
                                   2            [1]
                                   0            

ff: found legal plan as follows
规划长度：248

var_size: 145857

当前收集的断言数：63746

1
找到反例！


第24次迭代
当前初始状态:
F:233 U:48
num_Or:32641
参数大于2的OR: 
(OBJ-AT O1 P16-16) (OBJ-AT O1 P16-14) (OBJ-AT O1 P15-6) (OBJ-AT O1 P15-1) (OBJ-AT O1 P14-15) (OBJ-AT O1 P14-9) (OBJ-AT O1 P14-3) (OBJ-AT O1 P14-1) (OBJ-AT O1 P13-14) (OBJ-AT O1 P13-9) (OBJ-AT O1 P13-8) (OBJ-AT O1 P13-1) (OBJ-AT O1 P12-4) (OBJ-AT O1 P10-16) (OBJ-AT O1 P10-15) (OBJ-AT O1 P9-5) (OBJ-AT O1 P8-8) (OBJ-AT O1 P6-7) (OBJ-AT O1 P5-11) (OBJ-AT O1 P4-13) (OBJ-AT O1 P3-12) (OBJ-AT O1 P3-7) (OBJ-AT O1 P1-10) (OBJ-AT O1 P1-5) 
H:124


Cueing down from goal distance:  124 into depth [1]
                                 123            [1]
                                 118            [1]
                                 117            [1][2]
                                 110            [1]
                                 109            [1][2]
                                 104            [1]
                                 103            [1][2]
                                 100            [1]
                                  99            [1][2]
                                  96            [1]
                                  95            [1][2]
                                  93            [1]
                                  92            [1]
                                  91            [1][2][3][4]
                                  90            [1]
                                  89            [1][2][3][4][5]
                                  88            [1][2][3][4][5][6][7][8]
                                  87            [1][2][3][4][5][6][7][8][9][10]
                                  86            [1]
                                  85            [1][2][3][4][5][6][7][8][9][10][11][12]
                                  84            [1]
                                  83            [1]
                                  82            [1]
                                  81            [1][2][3][4][5][6][7][8][9][10][11][12][13]
                                  80            [1][2][3][4][5][6][7]
                                  78            [1][2][3][4][5][6][7][8][9][10][11][12][13]
                                  76            [1]
                                  75            [1]
                                  73            [1][2][3][4][5][6][7][8][9][10][11][12][13][14]
                                  72            [1][2][3][4][5][6][7][8][9][10][11]
                                  70            [1][2][3][4][5][6][7][8][9][10][11][12][13][14]
                                  69            [1][2][3][4][5][6][7][8][9][10][11][12]
                                  68            [1][2][3][4][5][6][7][8][9][10][11][12][13][14]
                                  67            [1]
                                  66            [1]
                                  62            [1]
                                  59            [1]
                                  58            [1][2][3][4][5][6][7][8][9][10][11][12][13][14][15][16][17]
                                  57            [1][2][3][4]
                                  56            [1]
                                  52            [1]
                                  51            [1]
                                  50            [1]
                                  48            [1]
                                  47            [1][2][3][4]
                                  46            [1][2]
                                  44            [1]
                                  43            [1][2][3][4][5]
                                  42            [1]
                                  41            [1]
                                  40            [1][2][3][4]
                                  39            [1]
                                  38            [1]
                                  37            [1][2][3][4][5]
                                  34            [1][2][3]
                                  33            [1][2][3][4][5][6]
                                  32            [1][2][3]
                                  30            [1]
                                  28            [1]
                                  27            [1]
                                  26            [1]
                                  25            [1]
                                  24            [1]
                                  23            [1]
                                  22            [1]
                                  21            [1]
                                  20            [1]
                                  19            [1]
                                  18            [1]
                                  17            [1]
                                  16            [1]
                                  15            [1]
                                  14            [1]
                                  13            [1]
                                  12            [1]
                                  11            [1]
                                  10            [1]
                                   9            [1]
                                   8            [1]
                                   7            [1]
                                   6            [1]
                                   5            [1]
                                   4            [1]
                                   3            [1]
                                   2            [1]
                                   0            

ff: found legal plan as follows
规划长度：258

var_size: 152617

当前收集的断言数：66306

1
找到反例！


第25次迭代
当前初始状态:
F:232 U:50
num_Or:32641
参数大于2的OR: 
(OBJ-AT O1 P16-16) (OBJ-AT O1 P16-14) (OBJ-AT O1 P15-6) (OBJ-AT O1 P15-4) (OBJ-AT O1 P15-1) (OBJ-AT O1 P14-15) (OBJ-AT O1 P14-9) (OBJ-AT O1 P14-3) (OBJ-AT O1 P14-1) (OBJ-AT O1 P13-14) (OBJ-AT O1 P13-9) (OBJ-AT O1 P13-8) (OBJ-AT O1 P13-1) (OBJ-AT O1 P12-4) (OBJ-AT O1 P10-16) (OBJ-AT O1 P10-15) (OBJ-AT O1 P9-5) (OBJ-AT O1 P8-8) (OBJ-AT O1 P6-7) (OBJ-AT O1 P5-11) (OBJ-AT O1 P4-13) (OBJ-AT O1 P3-12) (OBJ-AT O1 P3-7) (OBJ-AT O1 P1-10) (OBJ-AT O1 P1-5) 
H:128


Cueing down from goal distance:  128 into depth [1]
                                 127            [1]
                                 122            [1]
                                 121            [1][2]
                                 114            [1]
                                 113            [1][2]
                                 108            [1]
                                 107            [1][2]
                                 104            [1]
                                 103            [1][2]
                                 100            [1]
                                  99            [1][2]
                                  96            [1]
                                  95            [1]
                                  94            [1][2][3][4]
                                  93            [1]
                                  92            [1][2][3][4][5]
                                  91            [1][2][3][4][5][6][7][8]
                                  90            [1][2][3][4][5][6][7]
                                  89            [1][2][3][4][5][6][7][8][9]
                                  88            [1][2][3][4][5][6][7][8][9][10]
                                  87            [1]
                                  86            [1]
                                  84            [1][2][3][4][5][6][7][8][9][10][11][12]
                                  83            [1]
                                  82            [1]
                                  81            [1]
                                  80            [1][2][3][4][5][6][7][8][9][10][11][12]
                                  79            [1][2][3][4][5][6][7][8][9][10][11]
                                  78            [1][2][3][4][5][6][7][8][9][10][11]
                                  76            [1][2][3][4][5][6][7][8][9][10][11]
                                  74            [1][2][3][4][5][6][7][8][9][10][11]
                                  73            [1][2][3][4][5][6][7][8][9][10][11][12][13][14]
                                  72            [1]
                                  71            [1]
                                  67            [1]
                                  64            [1]
                                  63            [1][2][3][4][5][6][7][8][9][10][11][12][13][14][15][16][17]
                                  62            [1]
                                  61            [1]
                                  59            [1][2][3]
                                  58            [1][2][3][4]
                                  53            [1]
                                  52            [1][2][3][4]
                                  51            [1]
                                  47            [1]
                                  46            [1]
                                  45            [1]
                                  43            [1]
                                  42            [1][2][3][4]
                                  41            [1][2]
                                  39            [1]
                                  38            [1][2][3][4][5]
                                  37            [1]
                                  36            [1]
                                  35            [1][2][3][4]
                                  34            [1]
                                  33            [1]
                                  32            [1][2][3][4][5]
                                  29            [1][2][3]
                                  28            [1][2][3][4][5][6]
                                  27            [1][2][3]
                                  25            [1]
                                  23            [1]
                                  22            [1]
                                  21            [1]
                                  20            [1]
                                  19            [1]
                                  18            [1]
                                  17            [1]
                                  16            [1]
                                  15            [1]
                                  14            [1]
                                  13            [1]
                                  12            [1]
                                  11            [1]
                                  10            [1]
                                   9            [1]
                                   8            [1]
                                   7            [1]
                                   6            [1]
                                   5            [1]
                                   4            [1]
                                   3            [1]
                                   2            [1]
                                   0            

ff: found legal plan as follows
规划长度：250

var_size: 147472

当前收集的断言数：64258

1
找到反例！


第26次迭代
当前初始状态:
F:231 U:52
num_Or:32641
参数大于2的OR: 
(OBJ-AT O1 P16-16) (OBJ-AT O1 P16-14) (OBJ-AT O1 P15-6) (OBJ-AT O1 P15-4) (OBJ-AT O1 P15-1) (OBJ-AT O1 P14-15) (OBJ-AT O1 P14-9) (OBJ-AT O1 P14-3) (OBJ-AT O1 P14-1) (OBJ-AT O1 P13-14) (OBJ-AT O1 P13-9) (OBJ-AT O1 P13-8) (OBJ-AT O1 P13-1) (OBJ-AT O1 P12-4) (OBJ-AT O1 P10-16) (OBJ-AT O1 P10-15) (OBJ-AT O1 P9-5) (OBJ-AT O1 P8-8) (OBJ-AT O1 P6-7) (OBJ-AT O1 P5-11) (OBJ-AT O1 P4-13) (OBJ-AT O1 P3-15) (OBJ-AT O1 P3-12) (OBJ-AT O1 P3-7) (OBJ-AT O1 P1-10) (OBJ-AT O1 P1-5) 
H:132


Cueing down from goal distance:  132 into depth [1]
                                 131            [1]
                                 126            [1]
                                 125            [1][2]
                                 118            [1]
                                 117            [1][2]
                                 112            [1]
                                 111            [1][2]
                                 108            [1]
                                 107            [1][2]
                                 104            [1]
                                 103            [1][2]
                                 100            [1]
                                  99            [1]
                                  98            [1][2][3][4]
                                  97            [1]
                                  96            [1][2][3][4][5]
                                  95            [1][2][3][4][5][6][7][8]
                                  94            [1][2][3][4][5][6][7]
                                  93            [1][2][3][4][5][6][7][8][9]
                                  92            [1][2][3][4][5][6][7][8][9][10]
                                  91            [1]
                                  90            [1]
                                  88            [1][2][3][4][5][6][7][8][9][10][11][12]
                                  87            [1]
                                  86            [1]
                                  85            [1]
                                  84            [1][2][3][4][5][6][7][8][9][10][11][12]
                                  83            [1][2][3][4][5][6][7][8][9][10][11]
                                  82            [1][2][3][4][5][6][7][8][9][10][11]
                                  80            [1][2][3][4][5][6][7][8][9][10][11]
                                  78            [1][2][3][4][5][6][7][8][9][10][11]
                                  77            [1][2][3][4][5][6][7][8][9][10][11][12][13][14]
                                  75            [1]
                                  74            [1]
                                  71            [1]
                                  68            [1]
                                  67            [1][2][3][4][5][6][7][8][9][10][11][12][13][14][15][16][17]
                                  66            [1]
                                  65            [1]
                                  63            [1][2][3]
                                  62            [1][2][3][4]
                                  57            [1]
                                  56            [1][2][3][4]
                                  55            [1]
                                  51            [1]
                                  50            [1]
                                  49            [1]
                                  46            [1]
                                  45            [1][2][3][4][5]
                                  44            [1]
                                  43            [1]
                                  42            [1][2][3][4][5]
                                  41            [1]
                                  40            [1]
                                  39            [1][2][3][4]
                                  38            [1]
                                  37            [1]
                                  36            [1][2][3][4][5]
                                  35            [1][2][3]
                                  34            [1][2][3][4][5][6]
                                  33            [1][2][3]
                                  30            [1]
                                  27            [1]
                                  26            [1][2][3][4]
                                  25            [1]
                                  24            [1]
                                  23            [1]
                                  22            [1]
                                  21            [1]
                                  20            [1]
                                  19            [1]
                                  18            [1]
                                  17            [1]
                                  16            [1]
                                  15            [1]
                                  14            [1]
                                  13            [1]
                                  12            [1]
                                  11            [1]
                                  10            [1]
                                   9            [1]
                                   8            [1]
                                   7            [1]
                                   6            [1]
                                   5            [1]
                                   4            [1]
                                   3            [1]
                                   2            [1]Out of Memory
now_time:2396.9486364490003
