                                  57            [1]
                                  55            [1]
                                  53            [1]
                                  51            [1][2][3][4][5][6][7]
                                  50            [1][2][3][4][5][6][7][8][9][10][11][12][13][14][15]
                                  49            [1][2][3][4][5]
                                  48            [1][2][3][4][5]
                                  47            [1][2][3][4][5][6][7][8][9][10][11][12][13][14][15]
                                  46            [1]
                                  44            [1]
                                  42            [1]
                                  40            [1]
                                  38            [1]
                                  37            [1]
                                  36            [1]
                                  35            [1][2][3][4][5][6][7][8][9][10]
                                  34            [1][2][3][4][5][6][7][8][9][10][11]
                                  33            [1][2][3][4][5][6]
                                  32            [1]
                                  31            [1]
                                  30            [1]
                                  29            [1]
                                  28            [1]
                                  27            [1]
                                  26            [1]
                                  25            [1]
                                  24            [1]
                                  23            [1]
                                  22            [1]
                                  21            [1]
                                  20            [1]
                                  19            [1]
                                  18            [1]
                                  17            [1]
                                  16            [1]
                                  15            [1]
                                  14            [1]
                                  13            [1]
                                  12            [1]
                                  11            [1]
                                  10            [1]
                                   9            [1]
                                   8            [1]
                                   7            [1]
                                   6            [1]
                                   5            [1]
                                   4            [1]
                                   3            [1]
                                   2            [1]
                                   0            

ff: found legal plan as follows
规划长度：118

var_size: 101041

当前收集的断言数：47602

1
找到反例！


第7次迭代
当前初始状态:
F:394 U:14
num_Or:79801
参数大于2的OR: 
(OBJ-AT O1 P20-20) (OBJ-AT O1 P14-13) (OBJ-AT O1 P14-11) (OBJ-AT O1 P11-4) (OBJ-AT O1 P7-16) (OBJ-AT O1 P6-4) (OBJ-AT O1 P3-18) 
H:68


Cueing down from goal distance:   68 into depth [1]
                                  66            [1]
                                  64            [1]
                                  62            [1]
                                  60            [1]
                                  58            [1]
                                  56            [1][2][3][4][5][6][7]
                                  54            [1][2][3][4][5]
                                  53            [1][2][3][4][5]
                                  52            [1][2][3][4][5]
                                  51            [1][2][3][4][5][6][7][8][9]
                                  50            [1][2][3][4][5][6][7][8][9][10][11]
                                  49            [1]
                                  48            [1]
                                  47            [1]
                                  46            [1][2][3][4][5]
                                  45            [1]
                                  44            [1][2][3][4][5]
                                  43            [1][2][3][4][5][6][7][8][9]
                                  41            [1]
                                  39            [1]
                                  38            [1]
                                  37            [1]
                                  36            [1]
                                  35            [1]
                                  34            [1][2][3][4][5][6][7][8][9][10]
                                  33            [1]
                                  32            [1]
                                  31            [1]
                                  30            [1]
                                  29            [1]
                                  28            [1]
                                  27            [1]
                                  26            [1]
                                  25            [1]
                                  24            [1]
                                  23            [1]
                                  22            [1]
                                  21            [1]
                                  20            [1]
                                  19            [1]
                                  18            [1]
                                  17            [1]
                                  16            [1]
                                  15            [1]
                                  14            [1]
                                  13            [1]
                                  12            [1]
                                  11            [1]
                                  10            [1]
                                   9            [1]
                                   8            [1]
                                   7            [1]
                                   6            [1]
                                   5            [1]
                                   4            [1]
                                   3            [1]
                                   2            [1]
                                   0            

ff: found legal plan as follows
规划长度：119

var_size: 102064

当前收集的断言数：48002

1
找到反例！


第8次迭代
当前初始状态:
F:393 U:16
num_Or:79801
参数大于2的OR: 
(OBJ-AT O1 P20-20) (OBJ-AT O1 P14-13) (OBJ-AT O1 P14-11) (OBJ-AT O1 P11-4) (OBJ-AT O1 P7-16) (OBJ-AT O1 P6-4) (OBJ-AT O1 P3-18) (OBJ-AT O1 P2-5) 
H:75


Cueing down from goal distance:   75 into depth [1]
                                  74            [1]
                                  73            [1]
                                  72            [1]
                                  71            [1]
                                  70            [1]
                                  69            [1][2][3][4][5][6]
                                  68            [1]
                                  67            [1][2][3][4][5][6][7]
                                  66            [1][2][3][4][5][6][7]
                                  65            [1][2][3][4][5][6][7]
                                  64            [1]
                                  63            [1][2][3][4][5][6][7][8][9][10][11]
                                  62            [1]
                                  61            [1]
                                  60            [1]
                                  59            [1][2][3][4][5]
                                  58            [1][2][3][4][5]
                                  50            [1][2][3][4][5]
                                  48            [1][2][3][4][5][6][7][8][9][10][11][12][13][14]
                                  47            [1][2]
                                  45            [1]
                                  43            [1]
                                  41            [1]
                                  39            [1]
                                  38            [1]
                                  36            [1]
                                  34            [1]
                                  32            [1]
                                  30            [1]
                                  28            [1]
                                  27            [1]
                                  26            [1]
                                  25            [1]
                                  24            [1]
                                  23            [1]
                                  22            [1]
                                  21            [1]
                                  20            [1]
                                  19            [1]
                                  18            [1]
                                  17            [1]
                                  16            [1]
                                  15            [1]
                                  14            [1]
                                  13            [1]
                                  12            [1]
                                  11            [1]
                                  10            [1]
                                   9            [1]
                                   8            [1]
                                   7            [1]
                                   6            [1]
                                   5            [1]
                                   4            [1]
                                   3            [1]
                                   2            [1]
                                   0            

ff: found legal plan as follows
规划长度：116

var_size: 99232

当前收集的断言数：46802

1
找到反例！


第9次迭代
当前初始状态:
F:392 U:18
num_Or:79801
参数大于2的OR: 
(OBJ-AT O1 P20-20) (OBJ-AT O1 P16-10) (OBJ-AT O1 P14-13) (OBJ-AT O1 P14-11) (OBJ-AT O1 P11-4) (OBJ-AT O1 P7-16) (OBJ-AT O1 P6-4) (OBJ-AT O1 P3-18) (OBJ-AT O1 P2-5) 
H:82


Cueing down from goal distance:   82 into depth [1]
                                  79            [1]
                                  77            [1]
                                  75            [1]
                                  73            [1][2]
                                  72            [1]
                                  71            [1]
                                  70            [1]
                                  69            [1]
                                  68            [1]
                                  67            [1]
                                  66            [1][2][3][4][5][6][7][8][9][10]
                                  65            [1][2][3][4][5][6][7][8][9][10][11][12][13]
                                  64            [1]
                                  63            [1]
                                  62            [1]
                                  61            [1]
                                  60            [1]
                                  59            [1][2][3][4][5]
                                  58            [1][2][3][4][5]
                                  50            [1][2][3][4][5]
                                  48            [1][2][3][4][5][6][7][8][9][10][11][12][13][14]
                                  47            [1][2]
                                  45            [1]
                                  43            [1]
                                  41            [1]
                                  39            [1]
                                  38            [1]
                                  36            [1]
                                  34            [1]
                                  32            [1]
                                  30            [1]
                                  28            [1]
                                  27            [1]
                                  26            [1]
                                  25            [1]
                                  24            [1]
                                  23            [1]
                                  22            [1]
                                  21            [1]
                                  20            [1]
                                  19            [1]
                                  18            [1]
                                  17            [1]
                                  16            [1]
                                  15            [1]
                                  14            [1]
                                  13            [1]
                                  12            [1]
                                  11            [1]
                                  10            [1]
                                   9            [1]
                                   8            [1]
                                   7            [1]
                                   6            [1]
                                   5            [1]
                                   4            [1]
                                   3            [1]
                                   2            [1]
                                   0            

ff: found legal plan as follows
规划长度：107

var_size: 91652

当前收集的断言数：43202

1
找到反例！


第10次迭代
当前初始状态:
F:391 U:20
num_Or:79801
参数大于2的OR: 
(OBJ-AT O1 P20-20) (OBJ-AT O1 P19-9) (OBJ-AT O1 P16-10) (OBJ-AT O1 P14-13) (OBJ-AT O1 P14-11) (OBJ-AT O1 P11-4) (OBJ-AT O1 P7-16) (OBJ-AT O1 P6-4) (OBJ-AT O1 P3-18) (OBJ-AT O1 P2-5) 
H:92


Cueing down from goal distance:   92 into depth [1]
                                  88            [1]
                                  85            [1]
                                  83            [1]
                                  81            [1]
                                  79            [1][2][3]
                                  78            [1]
                                  77            [1]
                                  76            [1]
                                  75            [1]
                                  74            [1]
                                  73            [1]
                                  72            [1][2][3][4][5][6][7][8]
                                  71            [1]
                                  70            [1]
                                  69            [1][2][3][4][5][6][7][8][9][10][11][12][13]
                                  68            [1][2][3][4][5][6][7][8][9][10][11][12]
                                  66            [1]
                                  65            [1]
                                  64            [1]
                                  63            [1]
                                  61            [1]
                                  59            [1]
                                  58            [1]
                                  57            [1]
                                  56            [1]
                                  55            [1]
                                  54            [1][2][3][4][5]
                                  53            [1]
                                  52            [1]
                                  51            [1]
                                  50            [1]
                                  49            [1]
                                  48            [1]
                                  47            [1]
                                  46            [1][2][3][4][5]
                                  43            [1][2]
                                  42            [1][2][3][4][5][6]
                                  41            [1][2][3][4][5][6][7][8][9]
                                  38            [1]
                                  37            [1]
                                  36            [1]
                                  35            [1]
                                  34            [1]
                                  33            [1]
                                  32            [1]
                                  31            [1]
                                  30            [1]
                                  29            [1]
                                  28            [1]
                                  27            [1]
                                  26            [1]
                                  25            [1]
                                  24            [1]
                                  23            [1]
                                  22            [1]
                                  21            [1]
                                  20            [1]
                                  19            [1]
                                  18            [1]
                                  17            [1][2][3][4][5][6]
                                  16            [1]
                                  15            [1]
                                  14            [1]
                                  13            [1]
                                  12            [1]
                                  11            [1]
                                  10            [1]
                                   9            [1]
                                   8            [1]
                                   7            [1]
                                   6            [1]
                                   5            [1]
                                   4            [1]
                                   3            [1]
                                   2            [1]
                                   0            

ff: found legal plan as follows
规划长度：135

var_size: 116505

当前收集的断言数：54402

1
找到反例！


第11次迭代
当前初始状态:
F:390 U:22
num_Or:79801
参数大于2的OR: 
(OBJ-AT O1 P20-20) (OBJ-AT O1 P19-9) (OBJ-AT O1 P16-10) (OBJ-AT O1 P14-13) (OBJ-AT O1 P14-11) (OBJ-AT O1 P11-4) (OBJ-AT O1 P7-16) (OBJ-AT O1 P6-4) (OBJ-AT O1 P3-18) (OBJ-AT O1 P2-11) (OBJ-AT O1 P2-5) 
H:94


Cueing down from goal distance:   94 into depth [1]
                                  91            [1]
                                  88            [1]
                                  86            [1]
                                  84            [1]
                                  82            [1]
                                  81            [1]
                                  80            [1]
                                  79            [1]
                                  78            [1]
                                  77            [1]
                                  76            [1]
                                  75            [1]
                                  74            [1]
                                  73            [1][2][3][4][5][6][7][8]
                                  72            [1]
                                  71            [1]
                                  70            [1][2][3][4][5][6][7][8][9][10][11][12][13]
                                  69            [1][2][3][4][5][6][7][8][9][10][11][12]
                                  67            [1]
                                  66            [1]
                                  65            [1]
                                  64            [1]
                                  62            [1]
                                  60            [1]
                                  59            [1]
                                  58            [1]
                                  57            [1]
                                  56            [1]
                                  55            [1][2][3][4][5]
                                  54            [1]
                                  53            [1]
                                  52            [1]
                                  51            [1]
                                  50            [1]
                                  49            [1][2][3][4][5]
                                  48            [1]
                                  47            [1][2][3][4][5][6]
                                  46            [1][2][3][4][5]
                                  43            [1]
                                  42            [1][2][3][4][5][6]
                                  41            [1][2][3][4][5][6][7][8][9]
                                  38            [1]
                                  37            [1]
                                  36            [1]
                                  35            [1]
                                  34            [1]
                                  33            [1]
                                  32            [1]
                                  31            [1]
                                  30            [1]
                                  29            [1]
                                  28            [1]
                                  27            [1]
                                  26            [1]
                                  25            [1]
                                  24            [1]
                                  23            [1]
                                  22            [1]
                                  21            [1]
                                  20            [1]
                                  19            [1]
                                  18            [1]
                                  17            [1][2][3][4][5][6]
                                  16            [1]
                                  15            [1]
                                  14            [1]
                                  13            [1]
                                  12            [1]
                                  11            [1]
                                  10            [1]
                                   9            [1]
                                   8            [1]
                                   7            [1]
                                   6            [1]
                                   5            [1]
                                   4            [1]
                                   3            [1]
                                   2            [1]
                                   0            

ff: found legal plan as follows
规划长度：144

var_size: 124423

当前收集的断言数：58002

1
找到反例！


第12次迭代
当前初始状态:
F:389 U:24
num_Or:79801
参数大于2的OR: 
(OBJ-AT O1 P20-20) (OBJ-AT O1 P19-9) (OBJ-AT O1 P16-10) (OBJ-AT O1 P14-13) (OBJ-AT O1 P14-11) (OBJ-AT O1 P11-4) (OBJ-AT O1 P7-16) (OBJ-AT O1 P6-4) (OBJ-AT O1 P3-18) (OBJ-AT O1 P2-17) (OBJ-AT O1 P2-11) (OBJ-AT O1 P2-5) 
H:101


Cueing down from goal distance:  101 into depth [1]
                                  98            [1]
                                  95            [1]
                                  93            [1]
                                  91            [1]
                                  89            [1]
                                  88            [1]
                                  87            [1]
                                  86            [1]
                                  84            [1]
                                  82            [1]
                                  81            [1]
                                  79            [1]
                                  77            [1]
                                  75            [1][2][3][4][5][6][7][8]
                                  74            [1][2][3][4][5][6]
                                  73            [1]
                                  72            [1][2][3][4][5][6][7][8][9][10][11][12]
                                  71            [1]
                                  69            [1]
                                  66            [1]
                                  64            [1]
                                  63            [1][2][3][4][5][6][7][8][9][10][11][12][13][14][15][16][17]
                                  58            [1][2][3][4][5]
                                  51            [1][2][3][4][5]
                                  50            [1][2][3][4][5][6][7][8][9]
                                  49            [1][2][3][4][5][6][7][8][9][10][11][12][13][14][15][16][17]
                                  48            [1]
                                  45            [1]
                                  44            [1]
                                  43            [1]
                                  42            [1][2][3][4][5][6][7][8][9][10][11][12][13][14][15][16]
                                  41            [1]
                                  40            [1][2][3][4][5][6][7]
                                  39            [1][2][3][4][5][6]
                                  38            [1][2][3][4]
                                  36            [1]
                                  34            [1]
                                  32            [1]
                                  30            [1]
                                  28            [1][2][3][4][5][6][7][8][9][10]
                                  27            [1]
                                  26            [1]
                                  25            [1]
                                  24            [1]
                                  23            [1]
                                  22            [1]
                                  21            [1]
                                  20            [1]
                                  19            [1]
                                  18            [1]
                                  17            [1]
                                  16            [1]
                                  15            [1]
                                  14            [1]
                                  13            [1]
                                  12            [1]
                                  11            [1]
                                  10            [1]
                                   9            [1]
                                   8            [1]
                                   7            [1]
                                   6            [1]
                                   5            [1]
                                   4            [1]
                                   3            [1]
                                   2            [1]
                                   0            

ff: found legal plan as follows
规划长度：176

var_size: 151658

当前收集的断言数：70802

1
找到反例！


第13次迭代
当前初始状态:
F:388 U:26
num_Or:79801
参数大于2的OR: 
(OBJ-AT O1 P20-20) (OBJ-AT O1 P19-9) (OBJ-AT O1 P17-12) (OBJ-AT O1 P16-10) (OBJ-AT O1 P14-13) (OBJ-AT O1 P14-11) (OBJ-AT O1 P11-4) (OBJ-AT O1 P7-16) (OBJ-AT O1 P6-4) (OBJ-AT O1 P3-18) (OBJ-AT O1 P2-17) (OBJ-AT O1 P2-11) (OBJ-AT O1 P2-5) 
H:109


Cueing down from goal distance:  109 into depth [1]
                                 106            [1]
                                 102            [1]
                                  99            [1]
                                  96            [1]
                                  93            [1]
                                  92            [1]
                                  91            [1]
                                  90            [1]
                                  89            [1]
                                  87            [1]
                                  84            [1]
                                  83            [1]
                                  81            [1]
                                  79            [1][2][3][4][5][6][7]
                                  78            [1]
                                  77            [1][2][3][4][5][6][7][8][9][10][11][12]
                                  75            [1][2][3][4][5][6][7][8][9][10][11][12][13]
                                  74            [1]
                                  73            [1]
                                  72            [1][2][3][4][5][6][7]
                                  71            [1][2][3][4][5][6][7][8][9][10][11][12][13]
                                  70            [1][2]
                                  69            [1][2][3][4]
                                  67            [1][2][3][4][5][6][7][8]
                                  66            [1][2][3][4][5]
                                  64            [1]
                                  62            [1]
                                  61            [1]
                                  60            [1]
                                  59            [1]
                                  58            [1]
                                  57            [1][2][3][4][5]
                                  54            [1]
                                  53            [1]
                                  52            [1]
                                  51            [1]
                                  50            [1]
                                  49            [1]
                                  48            [1]
                                  47            [1]
                                  46            [1]
                                  40            [1][2][3][4][5][6][7][8][9][10][11]
                                  39            [1][2][3][4][5][6][7][8][9][10][11][12][13][14]
                                  38            [1][2][3]
                                  36            [1][2][3][4][5]
                                  35            [1]
                                  34            [1]
                                  33            [1]
                                  32            [1]
                                  31            [1]
                                  30            [1]
                                  29            [1]
                                  28            [1]
                                  27            [1]
                                  26            [1]
                                  25            [1]
                                  24            [1]
                                  23            [1]
                                  22            [1]
                                  21            [1]
                                  20            [1]
                                  19            [1]
                                  18            [1]
                                  17            [1]
                                  16            [1]
                                  15            [1]
                                  14            [1]
                                  13            [1]
                                  12            [1]
                                  11            [1]
                                  10            [1]
                                   9            [1]
                                   8            [1]
                                   7            [1]
                                   6            [1]
                                   5            [1]
                                   4            [1]
                                   3            [1]
                                   2            [1]
                                   0            

ff: found legal plan as follows
规划长度：175

var_size: 152836

当前收集的断言数：70402

1
找到反例！


第14次迭代
当前初始状态:
F:387 U:28
num_Or:79801
参数大于2的OR: 
(OBJ-AT O1 P20-20) (OBJ-AT O1 P19-9) (OBJ-AT O1 P17-12) (OBJ-AT O1 P16-10) (OBJ-AT O1 P14-13) (OBJ-AT O1 P14-11) (OBJ-AT O1 P11-4) (OBJ-AT O1 P10-8) (OBJ-AT O1 P7-16) (OBJ-AT O1 P6-4) (OBJ-AT O1 P3-18) (OBJ-AT O1 P2-17) (OBJ-AT O1 P2-11) (OBJ-AT O1 P2-5) 
H:110


Cueing down from goal distance:  110 into depth [1]
                                 106            [1]
                                 103            [1]
                                 102            [1]
                                 100            [1]
                                  98            [1]
                                  97            [1]
                                  96            [1]
                                  95            [1]
                                  93            [1]
                                  91            [1]
                                  90            [1]
                                  88            [1]
                                  86            [1]
                                  84            [1][2][3][4][5][6][7][8]
                                  83            [1][2][3][4][5][6]
                                  82            [1]
                                  81            [1][2][3][4][5][6][7][8][9][10][11][12]
                                  79            [1][2][3][4][5][6][7][8][9][10][11][12][13]
                                  78            [1]
                                  77            [1]
                                  76            [1]
                                  75            [1]
                                  74            [1]
                                  73            [1][2][3][4][5][6][7][8][9][10][11][12][13][14]
                                  71            [1][2][3][4][5][6][7][8][9][10][11][12][13][14][15][16][17][18][19]
                                  70            [1]
                                  67            [1]
                                  66            [1]
                                  64            [1]
                                  62            [1]
                                  60            [1]
                                  58            [1]
                                  57            [1][2][3][4][5][6][7][8][9][10]
                                  56            [1]
                                  55            [1]
                                  54            [1]
                                  53            [1]
                                  52            [1]
                                  51            [1]
                                  50            [1]
                                  49            [1]
                                  48            [1]
                                  47            [1]
                                  46            [1]
                                  45            [1]
                                  37            [1][2][3][4]
                                  36            [1][2][3][4]
                                  33            [1]
                                  32            [1][2][3][4][5]
                                  31            [1]
                                  30            [1][2][3][4]
                                  28            [1]
                                  27            [1]
                                  26            [1]
                                  25            [1]
                                  24            [1][2][3][4][5][6][7][8][9][10][11]
                                  23            [1]
                                  22            [1]
                                  21            [1]
                                  20            [1]
                                  19            [1]
                                  18            [1]
                                  17            [1]
                                  16            [1]
                                  15            [1]
                                  14            [1]
                                  13            [1]
                                  12            [1]
                                  11            [1]
                                  10            [1]
                                   9            [1]
                                   8            [1]
                                   7            [1]
                                   6            [1]
                                   5            [1]
                                   4            [1]
                                   3            [1]
                                   2            [1]
                                   0            

ff: found legal plan as follows
规划长度：177

var_size: 155191

当前收集的断言数：71202

1
找到反例！


第15次迭代
当前初始状态:
F:386 U:30
num_Or:79801
参数大于2的OR: 
(OBJ-AT O1 P20-20) (OBJ-AT O1 P19-9) (OBJ-AT O1 P17-12) (OBJ-AT O1 P16-10) (OBJ-AT O1 P14-13) (OBJ-AT O1 P14-11) (OBJ-AT O1 P11-4) (OBJ-AT O1 P10-8) (OBJ-AT O1 P7-16) (OBJ-AT O1 P7-13) (OBJ-AT O1 P6-4) (OBJ-AT O1 P3-18) (OBJ-AT O1 P2-17) (OBJ-AT O1 P2-11) (OBJ-AT O1 P2-5) 
H:111


Cueing down from goal distance:  111 into depth [1]
                                 107            [1]
                                 104            [1]
                                 103            [1]
                                 101            [1]
                                  99            [1]
                                  98            [1]
                                  97            [1]
                                  96            [1]
                                  94            [1]
                                  92            [1]
                                  91            [1]
                                  90            [1]
                                  89            [1]
                                  88            [1][2][3][4][5][6][7][8]
                                  87            [1][2][3][4][5][6]
                                  86            [1]
                                  85            [1][2][3][4][5][6][7][8][9][10][11]
                                  84            [1]
                                  83            [1][2][3][4][5][6][7][8][9][10][11][12][13]
                                  82            [1]
                                  81            [1]
                                  80            [1]
                                  79            [1]
                                  78            [1]
                                  77            [1][2][3][4][5][6][7][8][9][10][11][12][13][14][15]
                                  76            [1][2][3][4][5][6][7][8][9][10][11][12][13][14][15]
                                  75            [1][2][3][4][5][6][7]
                                  74            [1][2][3][4][5][6][7][8][9]
                                  73            [1][2][3][4][5][6][7]
                                  72            [1]
                                  71            [1]
                                  70            [1][2][3]
                                  67            [1]
                                  65            [1][2][3][4][5]
                                  64            [1][2][3][4][5]
                                  63            [1][2][3][4][5][6][7][8][9][10][11][12][13]
                                  62            [1]
                                  61            [1]
                                  60            [1][2][3][4][5][6][7]
                                  59            [1]
                                  58            [1]
                                  57            [1]
                                  56            [1]
                                  55            [1]
                                  54            [1]
                                  48            [1][2][3][4][5][6][7][8][9][10][11]
                                  47            [1][2][3][4][5][6][7][8][9]
                                  46            [1][2][3][4][5][6]
                                  45            [1][2][3]
                                  43            [1]
                                  42            [1]
                                  41            [1]
                                  40            [1]
                                  39            [1]
                                  38            [1]
                                  37            [1][2][3][4][5]
                                  36            [1][2][3][4][5][6][7]
                                  35            [1]
                                  34            [1]
                                  33            [1]
                                  32            [1]
                                  31            [1]
                                  30            [1]
                                  29            [1]
                                  28            [1]
                                  27            [1]
                                  26            [1]
                                  25            [1]
                                  24            [1]
                                  23            [1]
                                  22            [1]
                                  21            [1]
                                  20            [1]
                                  19            [1]
                                  18            [1]
                                  17            [1]
                                  16            [1]
                                  15            [1]
                                  14            [1]
                                  13            [1]
                                  12            [1]
                                  11            [1]
                                  10            [1]
                                   9            [1]
                                   8            [1]
                                   7            [1]
                                   6            [1]
                                   5            [1]
                                   4            [1]
                                   3            [1]
                                   2            [1]
                                   0            

ff: found legal plan as follows
规划长度：237

var_size: 210395

当前收集的断言数：95202

1
找到反例！


第16次迭代
当前初始状态:
F:385 U:32
num_Or:79801
参数大于2的OR: 
(OBJ-AT O1 P20-20) (OBJ-AT O1 P19-9) (OBJ-AT O1 P17-12) (OBJ-AT O1 P16-10) (OBJ-AT O1 P14-13) (OBJ-AT O1 P14-11) (OBJ-AT O1 P11-4) (OBJ-AT O1 P10-8) (OBJ-AT O1 P9-9) (OBJ-AT O1 P7-16) (OBJ-AT O1 P7-13) (OBJ-AT O1 P6-4) (OBJ-AT O1 P3-18) (OBJ-AT O1 P2-17) (OBJ-AT O1 P2-11) (OBJ-AT O1 P2-5) 
H:113


Cueing down from goal distance:  113 into depth [1]
                                 110            [1]
                                 108            [1]
                                 104            [1]
                                 102            [1]
                                 100            [1][2][3][4]
                                  99            [1]
                                  98            [1]
                                  97            [1]
                                  96            [1]
                                  95            [1][2][3][4][5][6][7][8][9][10][11]
                                  94            [1][2][3][4][5][6][7][8][9]
                                  93            [1][2][3][4][5][6][7][8][9][10][11]
                                  92            [1]
                                  91            [1][2]
                                  90            [1]
                                  89            [1]
                                  88            [1]
                                  87            [1][2][3][4][5][6][7][8][9][10][11][12][13][14]
                                  86            [1][2][3][4][5]
                                  85            [1][2][3][4][5]
                                  84            [1][2][3][4][5][6][7][8][9]
                                  83            [1][2][3][4][5]
                                  80            [1][2][3][4][5]
                                  79            [1]
                                  77            [1]
                                  75            [1]
                                  74            [1]
                                  72            [1][2][3][4][5][6][7][8][9]
                                  71            [1][2][3][4][5][6][7]
                                  70            [1][2][3][4][5][6][7][8][9][10][11]
                                  69            [1][2][3][4][5][6][7][8][9][10][11][12][13]
                                  67            [1]
                                  63            [1]
                                  61            [1][2]
                                  60            [1]
                                  59            [1]
                                  58            [1]
                                  57            [1][2][3][4]
                                  55            [1][2][3][4][5][6][7][8][9]
                                  53            [1][2][3]
                                  52            [1][2][3][4][5][6][7]
                                  49            [1][2][3][4][5][6][7][8][9][10][11][12][13][14][15][16][17]
                                  48            [1]
                                  45            [1]
                                  44            [1]
                                  43            [1]
                                  42            [1][2][3][4][5][6][7][8][9][10][11][12][13][14][15][16]
                                  41            [1]
                                  40            [1][2][3][4][5][6][7]
                                  39            [1][2][3][4][5][6]
                                  38            [1][2][3][4]
                                  36            [1]
                                  34            [1]
                                  32            [1]
                                  30            [1]
                                  28            [1][2][3][4][5][6][7][8][9][10]
                                  27            [1]
                                  26            [1]
                                  25            [1]
                                  24            [1]
                                  23            [1]
                                  22            [1]
                                  21            [1]
                                  20            [1]
                                  19            [1]
                                  18            [1]
                                  17            [1]
                                  16            [1]
                                  15            [1]
                                  14            [1]
                                  13            [1]
                                  12            [1]
                                  11            [1]
                                  10            [1]
                                   9            [1]
                                   8            [1]
                                   7            [1]
                                   6            [1]
                                   5            [1]
                                   4            [1]
                                   3            [1]
                                   2            [1]Out of Memory
now_time:2851.2129842709983
