                                 111            [1]
                                 110            [1]
                                 109            [1]
                                 108            [1]
                                 107            [1]
                                 106            [1]
                                 105            [1]
                                 104            [1][2]
                                 103            [1]
                                 102            [1][2][3]
                                 101            [1][2][3]
                                 100            [1][2][3]
                                  99            [1]
                                  98            [1][2][3]
                                  97            [1][2][3]
                                  96            [1][2][3]
                                  95            [1]
                                  94            [1][2][3]
                                  93            [1][2][3][4]
                                  92            [1][2][3]
                                  91            [1][2][3][4]
                                  90            [1]
                                  88            [1][2][3][4]
                                  87            [1][2][3]
                                  86            [1][2][3][4][5]
                                  85            [1][2][3][4][5]
                                  84            [1][2][3][4][5][6]
                                  83            [1][2][3][4]
                                  82            [1][2][3]
                                  81            [1]
                                  80            [1][2]
                                  79            [1][2][3]
                                  78            [1][2][3][4][5]
                                  77            [1][2][3]
                                  76            [1][2]
                                  75            [1][2][3]
                                  74            [1][2][3][4][5]
                                  73            [1]
                                  71            [1]
                                  70            [1][2][3][4][5]
                                  69            [1][2][3][4][5][6]
                                  68            [1][2][3]
                                  67            [1][2][3][4][5][6]
                                  66            [1][2][3][4][5]
                                  65            [1][2][3][4][5][6]
                                  64            [1]
                                  63            [1]
                                  61            [1][2][3][4][5][6][7]
                                  60            [1][2][3][4][5][6]
                                  59            [1][2][3][4][5][6][7]
                                  58            [1][2][3][4][5]
                                  57            [1][2][3][4][5][6][7]
                                  56            [1][2][3][4][5][6]
                                  55            [1][2][3][4][5][6][7]
                                  54            [1][2][3][4]
                                  53            [1][2][3][4][5][6][7][8][9]
                                  52            [1]
                                  50            [1][2][3][4][5][6][7][8][9]
                                  49            [1][2][3][4][5][6][7][8][9][10]
                                  48            [1]
                                  47            [1]
                                  46            [1][2][3][4][5][6][7][8][9]
                                  45            [1][2][3][4][5][6][7][8]
                                  44            [1][2][3][4][5]
                                  43            [1][2][3]
                                  42            [1]
                                  41            [1][2][3]
                                  40            [1][2][3][4]
                                  38            [1]
                                  37            [1]
                                  36            [1][2]
                                  35            [1]
                                  34            [1][2]
                                  33            [1]
                                  32            [1][2][3][4][5]
                                  31            [1][2][3][4][5]
                                  30            [1][2][3][4][5]
                                  29            [1][2][3][4][5]
                                  28            [1][2][3][4][5]
                                  27            [1][2][3][4][5]
                                  26            [1][2][3][4][5]
                                  25            [1][2][3][4][5]
                                  24            [1]
                                  21            [1][2][3][4][5][6][7][8]
                                  20            [1][2][3][4][5]
                                  19            [1]
                                  17            [1][2][3][4][5][6][7][8][9][10][11][12][13][14][15]
                                  16            [1]
                                  15            [1]
                                  14            [1]
                                  13            [1]
                                  12            [1]
                                  11            [1]
                                  10            [1]
                                   9            [1]
                                   8            [1]
                                   7            [1]
                                   6            [1]
                                   5            [1]
                                   4            [1]
                                   3            [1]
                                   2            [1]
                                   0            

ff: found legal plan as follows
规划长度：343

var_size: 92074

当前收集的断言数：34746

1
找到反例！


第51次迭代
当前初始状态:
F:51 U:102
num_Or:4951
参数大于2的OR: 
(OBJ_AT O1 P10_10) (OBJ_AT O1 P10_9) (OBJ_AT O1 P10_8) (OBJ_AT O1 P10_7) (OBJ_AT O1 P10_6) (OBJ_AT O1 P10_5) (OBJ_AT O1 P10_4) (OBJ_AT O1 P10_3) (OBJ_AT O1 P10_2) (OBJ_AT O1 P10_1) (OBJ_AT O1 P9_10) (OBJ_AT O1 P9_9) (OBJ_AT O1 P9_8) (OBJ_AT O1 P9_7) (OBJ_AT O1 P9_6) (OBJ_AT O1 P9_5) (OBJ_AT O1 P9_4) (OBJ_AT O1 P9_3) (OBJ_AT O1 P9_2) (OBJ_AT O1 P9_1) (OBJ_AT O1 P8_10) (OBJ_AT O1 P8_9) (OBJ_AT O1 P8_8) (OBJ_AT O1 P8_7) (OBJ_AT O1 P8_6) (OBJ_AT O1 P8_5) (OBJ_AT O1 P8_4) (OBJ_AT O1 P8_3) (OBJ_AT O1 P8_2) (OBJ_AT O1 P8_1) (OBJ_AT O1 P7_10) (OBJ_AT O1 P7_9) (OBJ_AT O1 P7_8) (OBJ_AT O1 P7_7) (OBJ_AT O1 P7_6) (OBJ_AT O1 P7_5) (OBJ_AT O1 P7_4) (OBJ_AT O1 P7_3) (OBJ_AT O1 P7_2) (OBJ_AT O1 P6_9) (OBJ_AT O1 P6_5) (OBJ_AT O1 P6_4) (OBJ_AT O1 P6_2) (OBJ_AT O1 P5_3) (OBJ_AT O1 P4_3) (OBJ_AT O1 P3_7) (OBJ_AT O1 P2_6) (OBJ_AT O1 P2_5) (OBJ_AT O1 P1_8) (OBJ_AT O1 P1_6) (OBJ_AT O1 P1_4) 
H:125


Cueing down from goal distance:  125 into depth [1]
                                 124            [1]
                                 116            [1]
                                 112            [1]
                                 111            [1]
                                 110            [1]
                                 109            [1]
                                 108            [1]
                                 107            [1]
                                 106            [1]
                                 105            [1][2]
                                 104            [1]
                                 103            [1][2][3]
                                 102            [1][2][3]
                                 101            [1][2][3]
                                 100            [1]
                                  99            [1][2][3]
                                  98            [1][2][3]
                                  97            [1][2][3]
                                  96            [1]
                                  95            [1][2][3]
                                  94            [1][2][3][4]
                                  93            [1][2][3]
                                  92            [1][2][3][4]
                                  91            [1]
                                  89            [1][2][3][4]
                                  88            [1][2][3]
                                  87            [1][2][3][4][5]
                                  86            [1][2][3][4][5]
                                  85            [1][2][3][4][5][6]
                                  84            [1][2][3][4]
                                  83            [1][2][3]
                                  82            [1]
                                  81            [1][2]
                                  80            [1][2][3]
                                  79            [1][2][3][4][5]
                                  78            [1][2][3]
                                  77            [1][2]
                                  76            [1][2][3]
                                  75            [1][2][3][4][5]
                                  74            [1]
                                  72            [1]
                                  71            [1][2][3][4][5]
                                  70            [1][2][3][4][5][6]
                                  69            [1][2][3]
                                  68            [1][2][3][4][5][6]
                                  67            [1][2][3][4][5]
                                  66            [1][2][3][4][5][6]
                                  65            [1]
                                  64            [1]
                                  62            [1][2][3][4][5][6][7]
                                  61            [1][2][3][4][5][6]
                                  60            [1][2][3][4][5][6][7]
                                  59            [1][2][3][4][5]
                                  58            [1][2][3][4][5][6][7]
                                  57            [1][2][3][4][5][6]
                                  56            [1][2][3][4][5][6][7]
                                  55            [1][2][3][4]
                                  54            [1][2][3][4][5][6][7][8][9]
                                  53            [1][2][3]
                                  52            [1][2][3][4][5][6][7][8][9]
                                  51            [1][2][3][4][5]
                                  50            [1][2][3][4][5]
                                  49            [1]
                                  48            [1]
                                  47            [1][2][3][4]
                                  46            [1]
                                  45            [1]
                                  44            [1][2][3][4][5][6][7][8]
                                  43            [1]
                                  42            [1][2][3][4][5][6][7][8]
                                  41            [1][2][3][4][5]
                                  40            [1][2][3]
                                  39            [1]
                                  38            [1][2][3]
                                  37            [1][2][3][4]
                                  35            [1]
                                  34            [1]
                                  33            [1][2]
                                  32            [1]
                                  31            [1][2]
                                  30            [1]
                                  29            [1][2][3][4][5][6][7][8]
                                  26            [1][2][3][4][5][6][7]
                                  25            [1]
                                  24            [1]
                                  23            [1]
                                  22            [1]
                                  21            [1]
                                  20            [1][2]
                                  19            [1]
                                  18            [1]
                                  17            [1]
                                  16            [1]
                                  15            [1]
                                  14            [1]
                                  13            [1]
                                  12            [1]
                                  11            [1]
                                  10            [1]
                                   9            [1]
                                   8            [1]
                                   7            [1]
                                   6            [1]
                                   5            [1]
                                   4            [1]
                                   3            [1]
                                   2            [1]
                                   0            

ff: found legal plan as follows
规划长度：306

var_size: 80471

当前收集的断言数：31009

1
找到反例！


第52次迭代
当前初始状态:
F:50 U:104
num_Or:4951
参数大于2的OR: 
(OBJ_AT O1 P10_10) (OBJ_AT O1 P10_9) (OBJ_AT O1 P10_8) (OBJ_AT O1 P10_7) (OBJ_AT O1 P10_6) (OBJ_AT O1 P10_5) (OBJ_AT O1 P10_4) (OBJ_AT O1 P10_3) (OBJ_AT O1 P10_2) (OBJ_AT O1 P10_1) (OBJ_AT O1 P9_10) (OBJ_AT O1 P9_9) (OBJ_AT O1 P9_8) (OBJ_AT O1 P9_7) (OBJ_AT O1 P9_6) (OBJ_AT O1 P9_5) (OBJ_AT O1 P9_4) (OBJ_AT O1 P9_3) (OBJ_AT O1 P9_2) (OBJ_AT O1 P9_1) (OBJ_AT O1 P8_10) (OBJ_AT O1 P8_9) (OBJ_AT O1 P8_8) (OBJ_AT O1 P8_7) (OBJ_AT O1 P8_6) (OBJ_AT O1 P8_5) (OBJ_AT O1 P8_4) (OBJ_AT O1 P8_3) (OBJ_AT O1 P8_2) (OBJ_AT O1 P8_1) (OBJ_AT O1 P7_10) (OBJ_AT O1 P7_9) (OBJ_AT O1 P7_8) (OBJ_AT O1 P7_7) (OBJ_AT O1 P7_6) (OBJ_AT O1 P7_5) (OBJ_AT O1 P7_4) (OBJ_AT O1 P7_3) (OBJ_AT O1 P7_2) (OBJ_AT O1 P7_1) (OBJ_AT O1 P6_9) (OBJ_AT O1 P6_5) (OBJ_AT O1 P6_4) (OBJ_AT O1 P6_2) (OBJ_AT O1 P5_3) (OBJ_AT O1 P4_3) (OBJ_AT O1 P3_7) (OBJ_AT O1 P2_6) (OBJ_AT O1 P2_5) (OBJ_AT O1 P1_8) (OBJ_AT O1 P1_6) (OBJ_AT O1 P1_4) 
H:126


Cueing down from goal distance:  126 into depth [1]
                                 125            [1]
                                 117            [1]
                                 113            [1]
                                 112            [1][2]
                                 111            [1]
                                 110            [1]
                                 109            [1][2]
                                 108            [1]
                                 107            [1]
                                 106            [1][2]
                                 105            [1]
                                 104            [1]
                                 103            [1]
                                 102            [1]
                                 101            [1][2]
                                 100            [1][2]
                                  99            [1][2][3]
                                  98            [1]
                                  97            [1][2][3]
                                  96            [1][2][3][4]
                                  95            [1][2][3][4]
                                  94            [1][2][3][4]
                                  93            [1]
                                  91            [1]
                                  90            [1]
                                  89            [1]
                                  88            [1][2][3]
                                  87            [1]
                                  86            [1][2][3]
                                  85            [1][2][3][4]
                                  84            [1][2][3][4]
                                  82            [1][2][3][4]
                                  81            [1][2][3][4]
                                  80            [1][2][3]
                                  79            [1][2][3][4]
                                  78            [1]
                                  76            [1]
                                  75            [1][2][3][4][5]
                                  74            [1][2][3][4][5][6][7]
                                  72            [1][2][3][4][5][6]
                                  71            [1][2][3][4][5]
                                  70            [1][2][3][4][5]
                                  69            [1][2][3][4][5][6][7]
                                  67            [1]
                                  66            [1][2][3][4][5][6][7]
                                  65            [1][2]
                                  64            [1]
                                  63            [1][2][3][4][5][6][7]
                                  62            [1][2][3][4][5][6]
                                  61            [1]
                                  60            [1]
                                  58            [1][2][3][4][5][6][7]
                                  57            [1][2][3][4][5][6][7][8]
                                  56            [1][2][3][4][5][6][7]
                                  55            [1][2][3][4][5][6][7][8]
                                  54            [1]
                                  53            [1]
                                  51            [1][2][3][4][5][6][7][8][9][10]
                                  50            [1][2]
                                  49            [1]
                                  48            [1][2][3][4][5][6][7][8][9]
                                  47            [1][2][3]
                                  46            [1][2][3][4][5][6][7][8][9]
                                  45            [1][2][3][4][5][6][7][8][9]
                                  44            [1][2][3][4][5][6]
                                  41            [1]
                                  40            [1][2][3][4]
                                  39            [1]
                                  38            [1]
                                  37            [1]
                                  36            [1][2]
                                  35            [1][2][3]
                                  34            [1]
                                  33            [1][2][3]
                                  32            [1][2][3]
                                  31            [1]
                                  30            [1]
                                  29            [1]
                                  28            [1][2]
                                  27            [1]
                                  26            [1][2][3][4][5]
                                  25            [1][2][3][4][5][6]
                                  22            [1][2][3][4][5]
                                  21            [1][2][3][4]
                                  20            [1]
                                  19            [1][2][3][4][5]
                                  18            [1][2]
                                  17            [1]
                                  16            [1]
                                  15            [1]
                                  14            [1]
                                  13            [1]
                                  12            [1]
                                  11            [1]
                                  10            [1]
                                   9            [1]
                                   8            [1]
                                   7            [1]
                                   6            [1]
                                   5            [1]
                                   4            [1]
                                   3            [1]
                                   2            [1]
                                   0            

ff: found legal plan as follows
规划长度：289

var_size: 75485

当前收集的断言数：29292

1
找到反例！


第53次迭代
当前初始状态:
F:49 U:106
num_Or:4951
参数大于2的OR: 
(OBJ_AT O1 P10_10) (OBJ_AT O1 P10_9) (OBJ_AT O1 P10_8) (OBJ_AT O1 P10_7) (OBJ_AT O1 P10_6) (OBJ_AT O1 P10_5) (OBJ_AT O1 P10_4) (OBJ_AT O1 P10_3) (OBJ_AT O1 P10_2) (OBJ_AT O1 P10_1) (OBJ_AT O1 P9_10) (OBJ_AT O1 P9_9) (OBJ_AT O1 P9_8) (OBJ_AT O1 P9_7) (OBJ_AT O1 P9_6) (OBJ_AT O1 P9_5) (OBJ_AT O1 P9_4) (OBJ_AT O1 P9_3) (OBJ_AT O1 P9_2) (OBJ_AT O1 P9_1) (OBJ_AT O1 P8_10) (OBJ_AT O1 P8_9) (OBJ_AT O1 P8_8) (OBJ_AT O1 P8_7) (OBJ_AT O1 P8_6) (OBJ_AT O1 P8_5) (OBJ_AT O1 P8_4) (OBJ_AT O1 P8_3) (OBJ_AT O1 P8_2) (OBJ_AT O1 P8_1) (OBJ_AT O1 P7_10) (OBJ_AT O1 P7_9) (OBJ_AT O1 P7_8) (OBJ_AT O1 P7_7) (OBJ_AT O1 P7_6) (OBJ_AT O1 P7_5) (OBJ_AT O1 P7_4) (OBJ_AT O1 P7_3) (OBJ_AT O1 P7_2) (OBJ_AT O1 P7_1) (OBJ_AT O1 P6_10) (OBJ_AT O1 P6_9) (OBJ_AT O1 P6_5) (OBJ_AT O1 P6_4) (OBJ_AT O1 P6_2) (OBJ_AT O1 P5_3) (OBJ_AT O1 P4_3) (OBJ_AT O1 P3_7) (OBJ_AT O1 P2_6) (OBJ_AT O1 P2_5) (OBJ_AT O1 P1_8) (OBJ_AT O1 P1_6) (OBJ_AT O1 P1_4) 
H:127


Cueing down from goal distance:  127 into depth [1]
                                 126            [1]
                                 118            [1]
                                 115            [1]
                                 114            [1][2]
                                 113            [1]
                                 112            [1]
                                 111            [1][2]
                                 110            [1]
                                 109            [1]
                                 108            [1][2]
                                 107            [1]
                                 106            [1]
                                 105            [1]
                                 104            [1]
                                 103            [1][2]
                                 102            [1][2]
                                 101            [1][2][3]
                                 100            [1]
                                  99            [1][2][3]
                                  98            [1][2][3][4]
                                  97            [1][2][3][4]
                                  96            [1][2][3][4]
                                  95            [1]
                                  93            [1]
                                  92            [1]
                                  91            [1]
                                  90            [1][2][3]
                                  89            [1]
                                  88            [1][2][3]
                                  87            [1][2][3][4]
                                  86            [1][2][3][4]
                                  84            [1][2][3][4]
                                  83            [1][2][3][4]
                                  82            [1][2][3]
                                  81            [1][2][3][4]
                                  80            [1]
                                  78            [1]
                                  77            [1][2][3][4][5]
                                  76            [1][2][3][4][5][6][7]
                                  74            [1][2][3][4][5][6]
                                  73            [1][2][3][4][5]
                                  72            [1][2][3][4][5]
                                  71            [1][2][3][4][5][6][7]
                                  69            [1]
                                  68            [1][2][3][4][5][6][7]
                                  67            [1][2]
                                  66            [1]
                                  65            [1][2][3][4][5][6][7]
                                  64            [1][2][3][4][5][6]
                                  63            [1]
                                  62            [1]
                                  60            [1][2][3][4][5][6][7]
                                  59            [1][2][3][4][5][6][7][8]
                                  58            [1][2][3][4][5]
                                  57            [1][2][3][4][5][6][7][8]
                                  56            [1][2][3][4][5][6][7]
                                  55            [1][2][3][4][5][6][7][8]
                                  54            [1]
                                  53            [1]
                                  51            [1][2][3][4][5][6][7][8][9][10]
                                  50            [1][2]
                                  49            [1]
                                  48            [1][2][3][4][5][6][7][8][9]
                                  47            [1][2][3]
                                  46            [1][2][3][4][5][6][7][8][9]
                                  45            [1][2][3][4][5][6][7][8][9]
                                  44            [1][2][3][4][5][6]
                                  41            [1]
                                  40            [1][2][3][4]
                                  39            [1]
                                  38            [1]
                                  37            [1]
                                  36            [1][2]
                                  35            [1][2][3]
                                  34            [1]
                                  33            [1][2][3]
                                  32            [1][2][3]
                                  31            [1]
                                  30            [1]
                                  29            [1]
                                  28            [1][2]
                                  27            [1]
                                  26            [1][2][3][4][5]
                                  25            [1][2][3][4][5][6]
                                  22            [1][2][3][4][5]
                                  21            [1][2][3][4]
                                  20            [1]
                                  19            [1][2][3][4][5]
                                  18            [1][2]
                                  17            [1]
                                  16            [1]
                                  15            [1]
                                  14            [1]
                                  13            [1]
                                  12            [1]
                                  11            [1]
                                  10            [1]
                                   9            [1]
                                   8            [1]
                                   7            [1]
                                   6            [1]
                                   5            [1]
                                   4            [1]
                                   3            [1]
                                   2            [1]
                                   0            

ff: found legal plan as follows
规划长度：302

var_size: 79201

当前收集的断言数：30605

1
找到反例！


第54次迭代
当前初始状态:
F:48 U:108
num_Or:4951
参数大于2的OR: 
(OBJ_AT O1 P10_10) (OBJ_AT O1 P10_9) (OBJ_AT O1 P10_8) (OBJ_AT O1 P10_7) (OBJ_AT O1 P10_6) (OBJ_AT O1 P10_5) (OBJ_AT O1 P10_4) (OBJ_AT O1 P10_3) (OBJ_AT O1 P10_2) (OBJ_AT O1 P10_1) (OBJ_AT O1 P9_10) (OBJ_AT O1 P9_9) (OBJ_AT O1 P9_8) (OBJ_AT O1 P9_7) (OBJ_AT O1 P9_6) (OBJ_AT O1 P9_5) (OBJ_AT O1 P9_4) (OBJ_AT O1 P9_3) (OBJ_AT O1 P9_2) (OBJ_AT O1 P9_1) (OBJ_AT O1 P8_10) (OBJ_AT O1 P8_9) (OBJ_AT O1 P8_8) (OBJ_AT O1 P8_7) (OBJ_AT O1 P8_6) (OBJ_AT O1 P8_5) (OBJ_AT O1 P8_4) (OBJ_AT O1 P8_3) (OBJ_AT O1 P8_2) (OBJ_AT O1 P8_1) (OBJ_AT O1 P7_10) (OBJ_AT O1 P7_9) (OBJ_AT O1 P7_8) (OBJ_AT O1 P7_7) (OBJ_AT O1 P7_6) (OBJ_AT O1 P7_5) (OBJ_AT O1 P7_4) (OBJ_AT O1 P7_3) (OBJ_AT O1 P7_2) (OBJ_AT O1 P7_1) (OBJ_AT O1 P6_10) (OBJ_AT O1 P6_9) (OBJ_AT O1 P6_8) (OBJ_AT O1 P6_5) (OBJ_AT O1 P6_4) (OBJ_AT O1 P6_2) (OBJ_AT O1 P5_3) (OBJ_AT O1 P4_3) (OBJ_AT O1 P3_7) (OBJ_AT O1 P2_6) (OBJ_AT O1 P2_5) (OBJ_AT O1 P1_8) (OBJ_AT O1 P1_6) (OBJ_AT O1 P1_4) 
H:128


Cueing down from goal distance:  128 into depth [1]
                                 127            [1]
                                 119            [1]
                                 117            [1]
                                 116            [1][2]
                                 115            [1]
                                 114            [1]
                                 113            [1][2]
                                 112            [1]
                                 111            [1]
                                 110            [1][2]
                                 109            [1]
                                 108            [1]
                                 107            [1]
                                 106            [1]
                                 105            [1][2]
                                 104            [1][2]
                                 103            [1][2][3]
                                 102            [1]
                                 101            [1][2][3]
                                 100            [1][2][3]
                                  99            [1]
                                  98            [1][2]
                                  97            [1][2]
                                  96            [1][2]
                                  95            [1]
                                  94            [1]
                                  93            [1][2]
                                  92            [1]
                                  91            [1][2][3]
                                  90            [1][2][3]
                                  89            [1][2][3][4]
                                  88            [1]
                                  87            [1][2][3]
                                  86            [1][2]
                                  85            [1]
                                  84            [1]
                                  83            [1]
                                  82            [1][2][3][4][5]
                                  81            [1][2][3][4][5][6]
                                  80            [1][2]
                                  79            [1][2][3][4][5]
                                  78            [1]
                                  77            [1]
                                  76            [1]
                                  75            [1]
                                  74            [1]
                                  73            [1][2][3]
                                  72            [1]
                                  71            [1][2][3]
                                  70            [1]
                                  69            [1][2][3]
                                  68            [1][2][3]
                                  67            [1]
                                  66            [1][2][3][4][5][6]
                                  65            [1]
                                  64            [1][2][3][4][5][6]
                                  62            [1]
                                  60            [1][2][3][4][5][6][7][8]
                                  59            [1][2][3][4][5][6][7]
                                  58            [1][2][3][4][5][6][7][8]
                                  57            [1][2][3][4][5]
                                  56            [1][2][3][4][5][6][7][8][9]
                                  55            [1][2][3][4][5][6][7][8][9]
                                  54            [1][2][3][4][5][6][7][8][9][10]
                                  53            [1][2]
                                  52            [1]
                                  51            [1][2][3][4][5][6][7][8][9]
                                  50            [1][2][3]
                                  49            [1][2][3][4][5][6][7][8][9]
                                  47            [1][2][3][4][5]
                                  46            [1][2][3][4][5]
                                  45            [1][2][3][4][5]
                                  42            [1][2][3][4][5][6][7][8][9]
                                  41            [1][2][3][4][5]
                                  40            [1][2][3]
                                  39            [1]
                                  38            [1][2][3]
                                  37            [1][2][3][4]
                                  35            [1]
                                  34            [1]
                                  33            [1][2]
                                  32            [1]
                                  31            [1][2]
                                  30            [1]
                                  29            [1][2][3][4][5][6][7][8]
                                  26            [1][2][3][4][5][6][7]
                                  25            [1]
                                  24            [1]
                                  23            [1]
                                  22            [1]
                                  21            [1]
                                  20            [1][2]
                                  19            [1]
                                  18            [1]
                                  17            [1]
                                  16            [1]
                                  15            [1]
                                  14            [1]
                                  13            [1]
                                  12            [1]
                                  11            [1]
                                  10            [1]
                                   9            [1]
                                   8            [1]
                                   7            [1]
                                   6            [1]
                                   5            [1]
                                   4            [1]
                                   3            [1]
                                   2            [1]
                                   0            

ff: found legal plan as follows
规划长度：283

var_size: 73838

当前收集的断言数：28686

1
找到反例！


第55次迭代
当前初始状态:
F:47 U:110
num_Or:4951
参数大于2的OR: 
(OBJ_AT O1 P10_10) (OBJ_AT O1 P10_9) (OBJ_AT O1 P10_8) (OBJ_AT O1 P10_7) (OBJ_AT O1 P10_6) (OBJ_AT O1 P10_5) (OBJ_AT O1 P10_4) (OBJ_AT O1 P10_3) (OBJ_AT O1 P10_2) (OBJ_AT O1 P10_1) (OBJ_AT O1 P9_10) (OBJ_AT O1 P9_9) (OBJ_AT O1 P9_8) (OBJ_AT O1 P9_7) (OBJ_AT O1 P9_6) (OBJ_AT O1 P9_5) (OBJ_AT O1 P9_4) (OBJ_AT O1 P9_3) (OBJ_AT O1 P9_2) (OBJ_AT O1 P9_1) (OBJ_AT O1 P8_10) (OBJ_AT O1 P8_9) (OBJ_AT O1 P8_8) (OBJ_AT O1 P8_7) (OBJ_AT O1 P8_6) (OBJ_AT O1 P8_5) (OBJ_AT O1 P8_4) (OBJ_AT O1 P8_3) (OBJ_AT O1 P8_2) (OBJ_AT O1 P8_1) (OBJ_AT O1 P7_10) (OBJ_AT O1 P7_9) (OBJ_AT O1 P7_8) (OBJ_AT O1 P7_7) (OBJ_AT O1 P7_6) (OBJ_AT O1 P7_5) (OBJ_AT O1 P7_4) (OBJ_AT O1 P7_3) (OBJ_AT O1 P7_2) (OBJ_AT O1 P7_1) (OBJ_AT O1 P6_10) (OBJ_AT O1 P6_9) (OBJ_AT O1 P6_8) (OBJ_AT O1 P6_5) (OBJ_AT O1 P6_4) (OBJ_AT O1 P6_2) (OBJ_AT O1 P5_3) (OBJ_AT O1 P4_3) (OBJ_AT O1 P3_10) (OBJ_AT O1 P3_7) (OBJ_AT O1 P2_6) (OBJ_AT O1 P2_5) (OBJ_AT O1 P1_8) (OBJ_AT O1 P1_6) (OBJ_AT O1 P1_4) 
H:132


Cueing down from goal distance:  132 into depth [1]
                                 131            [1]
                                 123            [1]
                                 121            [1]
                                 120            [1][2]
                                 119            [1]
                                 118            [1]
                                 117            [1][2]
                                 116            [1]
                                 115            [1]
                                 114            [1][2]
                                 113            [1]
                                 112            [1]
                                 111            [1]
                                 110            [1]
                                 109            [1][2]
                                 108            [1][2]
                                 107            [1][2][3]
                                 106            [1]
                                 105            [1][2][3]
                                 104            [1][2][3]
                                 103            [1]
                                 102            [1][2]
                                 101            [1][2]
                                 100            [1]
                                  99            [1]
                                  98            [1][2]
                                  97            [1][2]
                                  96            [1]
                                  95            [1]
                                  94            [1][2][3]
                                  93            [1][2][3][4]
                                  92            [1]
                                  91            [1][2][3]
                                  90            [1][2]
                                  89            [1]
                                  88            [1]
                                  87            [1]
                                  86            [1][2][3][4][5]
                                  85            [1][2][3][4][5][6]
                                  84            [1][2]
                                  83            [1][2][3][4][5]
                                  82            [1]
                                  81            [1]
                                  80            [1]
                                  79            [1]
                                  78            [1]
                                  77            [1][2][3]
                                  76            [1]
                                  75            [1][2][3]
                                  74            [1]
                                  73            [1][2][3]
                                  72            [1][2][3]
                                  71            [1]
                                  70            [1][2][3][4][5][6]
                                  69            [1]
                                  68            [1][2][3][4][5][6]
                                  66            [1]
                                  64            [1][2][3][4][5][6][7][8]
                                  63            [1][2][3][4][5][6][7]
                                  62            [1][2][3][4][5][6][7][8]
                                  61            [1][2][3][4][5]
                                  60            [1][2][3][4][5][6][7][8][9]
                                  59            [1][2][3][4][5][6][7][8][9]
                                  58            [1][2][3][4][5][6][7][8][9]
                                  57            [1]
                                  56            [1]
                                  54            [1][2][3][4][5][6][7][8][9][10]
                                  53            [1][2]
                                  52            [1]
                                  51            [1][2][3][4]
                                  49            [1][2][3]
                                  48            [1][2][3]
                                  47            [1]
                                  46            [1][2][3]
                                  45            [1][2][3][4]
                                  43            [1]
                                  42            [1]
                                  41            [1][2]
                                  40            [1]
                                  39            [1][2][3][4][5]
                                  38            [1][2][3][4][5][6]
                                  35            [1][2][3][4][5]
                                  32            [1][2][3][4][5][6][7][8]
                                  31            [1]
                                  30            [1]
                                  29            [1]
                                  28            [1]
                                  27            [1][2][3]
                                  26            [1][2]
                                  25            [1]
                                  24            [1]
                                  23            [1]
                                  22            [1]
                                  21            [1]
                                  20            [1]
                                  19            [1]
                                  18            [1]
                                  17            [1]
                                  16            [1]
                                  15            [1][2][3]
                                  14            [1][2]
                                  13            [1][2]
                                  12            [1][2]
                                  11            [1]
                                  10            [1]
                                   9            [1]
                                   8            [1]
                                   7            [1]
                                   6            [1]
                                   5            [1]
                                   4            [1]
                                   3            [1]
                                   2            [1]
                                   0            

ff: found legal plan as follows
规划长度：268

var_size: 70247

当前收集的断言数：27171

1
找到反例！


第56次迭代
当前初始状态:
F:46 U:112
num_Or:4951
参数大于2的OR: 
(OBJ_AT O1 P10_10) (OBJ_AT O1 P10_9) (OBJ_AT O1 P10_8) (OBJ_AT O1 P10_7) (OBJ_AT O1 P10_6) (OBJ_AT O1 P10_5) (OBJ_AT O1 P10_4) (OBJ_AT O1 P10_3) (OBJ_AT O1 P10_2) (OBJ_AT O1 P10_1) (OBJ_AT O1 P9_10) (OBJ_AT O1 P9_9) (OBJ_AT O1 P9_8) (OBJ_AT O1 P9_7) (OBJ_AT O1 P9_6) (OBJ_AT O1 P9_5) (OBJ_AT O1 P9_4) (OBJ_AT O1 P9_3) (OBJ_AT O1 P9_2) (OBJ_AT O1 P9_1) (OBJ_AT O1 P8_10) (OBJ_AT O1 P8_9) (OBJ_AT O1 P8_8) (OBJ_AT O1 P8_7) (OBJ_AT O1 P8_6) (OBJ_AT O1 P8_5) (OBJ_AT O1 P8_4) (OBJ_AT O1 P8_3) (OBJ_AT O1 P8_2) (OBJ_AT O1 P8_1) (OBJ_AT O1 P7_10) (OBJ_AT O1 P7_9) (OBJ_AT O1 P7_8) (OBJ_AT O1 P7_7) (OBJ_AT O1 P7_6) (OBJ_AT O1 P7_5) (OBJ_AT O1 P7_4) (OBJ_AT O1 P7_3) (OBJ_AT O1 P7_2) (OBJ_AT O1 P7_1) (OBJ_AT O1 P6_10) (OBJ_AT O1 P6_9) (OBJ_AT O1 P6_8) (OBJ_AT O1 P6_7) (OBJ_AT O1 P6_5) (OBJ_AT O1 P6_4) (OBJ_AT O1 P6_2) (OBJ_AT O1 P5_3) (OBJ_AT O1 P4_3) (OBJ_AT O1 P3_10) (OBJ_AT O1 P3_7) (OBJ_AT O1 P2_6) (OBJ_AT O1 P2_5) (OBJ_AT O1 P1_8) (OBJ_AT O1 P1_6) (OBJ_AT O1 P1_4) 
H:133


Cueing down from goal distance:  133 into depth [1]
                                 132            [1]
                                 124            [1]
                                 123            [1]
                                 122            [1][2]
                                 121            [1]
                                 120            [1]
                                 119            [1][2]
                                 118            [1]
                                 117            [1]
                                 116            [1][2]
                                 115            [1]
                                 114            [1]
                                 113            [1]
                                 112            [1]
                                 111            [1][2]
                                 110            [1][2]
                                 109            [1][2][3]
                                 108            [1][2]
                                 107            [1][2]
                                 106            [1][2]
                                 105            [1]
                                 104            [1][2][3][4]
                                 103            [1][2][3]
                                 102            [1]
                                 101            [1]
                                 100            [1]
                                  99            [1][2][3]
                                  98            [1]
                                  97            [1][2][3]
                                  96            [1][2]
                                  95            [1][2]
                                  94            [1]
                                  93            [1][2][3]
                                  92            [1][2][3]
                                  91            [1]
                                  90            [1][2][3]
                                  89            [1][2]
                                  88            [1][2][3]
                                  87            [1][2][3]
                                  86            [1][2][3][4]
                                  85            [1]
                                  84            [1][2][3][4]
                                  83            [1][2][3][4]
                                  82            [1]
                                  80            [1]
                                  79            [1][2][3][4][5]
                                  78            [1][2][3][4][5][6]
                                  77            [1]
                                  76            [1][2][3][4][5][6]
                                  75            [1][2][3][4][5]
                                  74            [1][2][3][4][5][6]
                                  73            [1]
                                  72            [1][2][3][4]
                                  71            [1][2][3][4]
                                  70            [1][2][3][4][5][6]
                                  68            [1]
                                  66            [1][2][3][4][5][6][7]
                                  65            [1][2]
                                  64            [1]
                                  63            [1][2][3][4][5][6][7][8]
                                  62            [1]
                                  61            [1]
                                  59            [1][2][3][4][5][6][7]
                                  58            [1][2][3][4][5][6][7][8]
                                  57            [1][2][3][4][5]
                                  56            [1][2][3][4][5][6][7][8][9]
                                  55            [1][2][3][4][5][6][7][8][9]
                                  54            [1][2][3][4][5][6][7][8][9]
                                  53            [1]
                                  52            [1]
                                  50            [1][2][3][4][5][6][7][8][9][10]
                                  49            [1][2]
                                  48            [1]
                                  47            [1][2][3][4]
                                  45            [1][2][3]
                                  44            [1][2][3]
                                  43            [1]
                                  42            [1][2][3]
                                  41            [1][2][3][4]
                                  39            [1]
                                  38            [1]
                                  37            [1][2]
                                  36            [1]
                                  35            [1][2][3][4][5]
                                  34            [1][2][3][4][5][6]
                                  31            [1][2][3][4][5]
                                  28            [1][2][3][4][5][6][7][8]
                                  27            [1]
                                  26            [1]
                                  25            [1]
                                  24            [1]
                                  23            [1][2][3][4][5]
                                  22            [1]
                                  21            [1]
                                  20            [1]
                                  19            [1]
                                  18            [1]
                                  17            [1]
                                  16            [1]
                                  15            [1]
                                  14            [1]
                                  12            [1]
                                  11            [1][2][3]
                                  10            [1][2]
                                   9            [1]
                                   8            [1]
                                   7            [1]
                                   6            [1]
                                   5            [1]
                                   4            [1]
                                   3            [1]
                                   2            [1]
                                   0            

ff: found legal plan as follows
规划长度：293

var_size: 77088

当前收集的断言数：29696

1
找到反例！


第57次迭代
当前初始状态:
F:45 U:114
num_Or:4951
参数大于2的OR: 
(OBJ_AT O1 P10_10) (OBJ_AT O1 P10_9) (OBJ_AT O1 P10_8) (OBJ_AT O1 P10_7) (OBJ_AT O1 P10_6) (OBJ_AT O1 P10_5) (OBJ_AT O1 P10_4) (OBJ_AT O1 P10_3) (OBJ_AT O1 P10_2) (OBJ_AT O1 P10_1) (OBJ_AT O1 P9_10) (OBJ_AT O1 P9_9) (OBJ_AT O1 P9_8) (OBJ_AT O1 P9_7) (OBJ_AT O1 P9_6) (OBJ_AT O1 P9_5) (OBJ_AT O1 P9_4) (OBJ_AT O1 P9_3) (OBJ_AT O1 P9_2) (OBJ_AT O1 P9_1) (OBJ_AT O1 P8_10) (OBJ_AT O1 P8_9) (OBJ_AT O1 P8_8) (OBJ_AT O1 P8_7) (OBJ_AT O1 P8_6) (OBJ_AT O1 P8_5) (OBJ_AT O1 P8_4) (OBJ_AT O1 P8_3) (OBJ_AT O1 P8_2) (OBJ_AT O1 P8_1) (OBJ_AT O1 P7_10) (OBJ_AT O1 P7_9) (OBJ_AT O1 P7_8) (OBJ_AT O1 P7_7) (OBJ_AT O1 P7_6) (OBJ_AT O1 P7_5) (OBJ_AT O1 P7_4) (OBJ_AT O1 P7_3) (OBJ_AT O1 P7_2) (OBJ_AT O1 P7_1) (OBJ_AT O1 P6_10) (OBJ_AT O1 P6_9) (OBJ_AT O1 P6_8) (OBJ_AT O1 P6_7) (OBJ_AT O1 P6_6) (OBJ_AT O1 P6_5) (OBJ_AT O1 P6_4) (OBJ_AT O1 P6_2) (OBJ_AT O1 P5_3) (OBJ_AT O1 P4_3) (OBJ_AT O1 P3_10) (OBJ_AT O1 P3_7) (OBJ_AT O1 P2_6) (OBJ_AT O1 P2_5) (OBJ_AT O1 P1_8) (OBJ_AT O1 P1_6) (OBJ_AT O1 P1_4) 
H:134


Cueing down from goal distance:  134 into depth [1]
                                 133            [1]
                                 125            [1]
                                 124            [1]
                                 123            [1]
                                 122            [1][2]
                                 121            [1]
                                 120            [1]
                                 119            [1][2]
                                 118            [1]
                                 117            [1]
                                 116            [1][2]
                                 115            [1]
                                 114            [1]
                                 113            [1]
                                 112            [1]
                                 111            [1][2]
                                 110            [1][2]
                                 109            [1][2][3]
                                 108            [1][2]
                                 107            [1][2]
                                 106            [1][2]
                                 105            [1]
                                 104            [1][2][3][4]
                                 103            [1][2][3]
                                 102            [1]
                                 101            [1]
                                 100            [1]
                                  99            [1][2][3]
                                  98            [1]
                                  97            [1][2][3]
                                  96            [1][2]
                                  95            [1][2]
                                  94            [1]
                                  93            [1][2][3]
                                  92            [1][2][3]
                                  91            [1]
                                  90            [1][2][3]
                                  89            [1][2]
                                  88            [1][2][3]
                                  87            [1][2][3]
                                  86            [1][2][3][4]
                                  85            [1]
                                  84            [1][2][3][4]
                                  83            [1][2][3][4]
                                  82            [1]
                                  80            [1]
                                  79            [1][2][3][4][5]
                                  78            [1][2][3][4][5][6]
                                  77            [1]
                                  76            [1][2][3][4][5][6]
                                  75            [1][2][3][4][5]
                                  74            [1][2][3][4][5][6]
                                  73            [1]
                                  72            [1][2][3][4]
                                  71            [1][2][3][4]
                                  70            [1][2][3][4][5][6]
                                  68            [1]
                                  66            [1][2][3][4][5][6][7]
                                  65            [1][2]
                                  64            [1]
                                  63            [1][2][3][4][5][6][7][8]
                                  62            [1]
                                  61            [1]
                                  59            [1][2][3][4][5][6][7]
                                  58            [1][2][3][4][5][6][7][8]
                                  57            [1][2][3][4][5]
                                  56            [1][2][3][4][5][6][7][8][9]
                                  55            [1][2][3][4][5][6][7][8][9]
                                  54            [1][2][3][4][5][6][7][8][9]
                                  53            [1]
                                  52            [1]
                                  50            [1][2][3][4][5][6][7][8][9][10]
                                  49            [1][2]
                                  48            [1]
                                  47            [1][2][3][4]
                                  45            [1][2][3]
                                  44            [1][2][3]
                                  43            [1]
                                  42            [1][2][3]
                                  41            [1][2][3][4]
                                  39            [1]
                                  38            [1]
                                  37            [1][2]
                                  36            [1]
                                  35            [1][2][3][4][5]
                                  34            [1]TimeOut
now_time:3600.1041750060103
