第11次迭代
当前初始状态:
F:423 U:26
num_Or:30891
参数大于2的OR: 
(OBJ_AT O1 P12_12) (OBJ_AT O1 P12_11) (OBJ_AT O1 P12_10) (OBJ_AT O1 P5_12) (OBJ_AT O1 P4_7) (OBJ_AT O1 P2_4) 
(OBJ_AT O2 P12_12) (OBJ_AT O2 P12_11) (OBJ_AT O2 P12_10) (OBJ_AT O2 P4_5) (OBJ_AT O2 P3_7) 
H:55


Cueing down from goal distance:   55 into depth [1][2]
                                  54            [1][2][3][4][5][6]
                                  53            [1]
                                  52            [1][2][3]
                                  51            [1][2][3][4][5]
                                  50            [1][2][3]
                                  48            [1][2]
                                  47            [1]
                                  46            [1]
                                  45            [1][2][3][4][5][6]
                                  43            [1]
                                  41            [1]
                                  40            [1]
                                  39            [1]
                                  38            [1]
                                  37            [1]
                                  36            [1]
                                  35            [1]
                                  34            [1]
                                  33            [1]
                                  32            [1][2]
                                  31            [1]
                                  30            [1][2]
                                  29            [1]
                                  28            [1]
                                  26            [1]
                                  24            [1]
                                  22            [1]
                                  20            [1]
                                  18            [1]
                                  16            [1]
                                  14            [1]
                                  13            [1]
                                  12            [1]
                                  11            [1]
                                  10            [1]
                                   9            [1]
                                   8            [1]
                                   7            [1]
                                   6            [1]
                                   5            [1]
                                   4            [1]
                                   3            [1]
                                   2            [1]
                                   0            

ff: found legal plan as follows
规划长度：66

var_size: 60042

当前收集的断言数：29147

1
找到反例！


第12次迭代
当前初始状态:
F:422 U:28
num_Or:30891
参数大于2的OR: 
(OBJ_AT O1 P12_12) (OBJ_AT O1 P12_11) (OBJ_AT O1 P12_10) (OBJ_AT O1 P12_9) (OBJ_AT O1 P5_12) (OBJ_AT O1 P4_7) (OBJ_AT O1 P2_4) 
(OBJ_AT O2 P12_12) (OBJ_AT O2 P12_11) (OBJ_AT O2 P12_10) (OBJ_AT O2 P4_5) (OBJ_AT O2 P3_7) 
H:62


Cueing down from goal distance:   62 into depth [1][2]
                                  61            [1][2][3][4][5][6][7]
                                  60            [1][2][3][4][5][6][7][8]
                                  59            [1]
                                  58            [1]
                                  57            [1]
                                  56            [1]
                                  55            [1]
                                  54            [1][2][3][4]
                                  53            [1]
                                  52            [1]
                                  51            [1][2][3][4][5]
                                  50            [1][2][3][4][5]
                                  49            [1][2][3]
                                  48            [1][2][3][4][5][6][7][8][9]
                                  47            [1][2][3]
                                  44            [1][2][3][4][5][6][7][8][9][10]
                                  43            [1]
                                  42            [1]
                                  41            [1][2][3]
                                  40            [1][2][3]
                                  39            [1][2][3][4][5]
                                  38            [1][2][3][4][5]
                                  37            [1]
                                  36            [1]
                                  35            [1]
                                  34            [1]
                                  33            [1]
                                  32            [1]
                                  31            [1]
                                  30            [1]
                                  29            [1]
                                  27            [1]
                                  25            [1]
                                  23            [1]
                                  22            [1]
                                  21            [1]
                                  20            [1][2][3][4][5]
                                  18            [1][2][3][4][5][6]
                                  17            [1]
                                  16            [1][2][3][4][5][6][7][8][9][10][11][12][13][14]
                                  15            [1]
                                  14            [1]
                                  13            [1]
                                  12            [1]
                                  11            [1]
                                  10            [1]
                                   9            [1]
                                   8            [1]
                                   7            [1]
                                   6            [1]
                                   5            [1]
                                   4            [1]
                                   3            [1]
                                   2            [1]
                                   0            

ff: found legal plan as follows
规划长度：135

var_size: 124119

当前收集的断言数：59162

1
找到反例！


第13次迭代
当前初始状态:
F:421 U:30
num_Or:30891
参数大于2的OR: 
(OBJ_AT O1 P12_12) (OBJ_AT O1 P12_11) (OBJ_AT O1 P12_10) (OBJ_AT O1 P12_9) (OBJ_AT O1 P5_12) (OBJ_AT O1 P4_7) (OBJ_AT O1 P2_4) 
(OBJ_AT O2 P12_12) (OBJ_AT O2 P12_11) (OBJ_AT O2 P12_10) (OBJ_AT O2 P4_5) (OBJ_AT O2 P3_7) (OBJ_AT O2 P2_12) 
H:69


Cueing down from goal distance:   69 into depth [1]
                                  68            [1]
                                  67            [1][2][3][4][5]
                                  66            [1][2][3][4][5]
                                  65            [1][2][3][4][5]
                                  64            [1][2][3]
                                  63            [1][2][3][4][5][6][7][8][9]
                                  62            [1][2][3]
                                  59            [1][2][3][4][5][6][7][8][9][10][11]
                                  57            [1][2][3][4][5][6][7][8][9][10][11]
                                  56            [1][2][3][4][5][6][7][8][9][10][11][12][13]
                                  55            [1][2][3][4][5][6][7][8][9][10][11][12][13]
                                  54            [1][2][3][4][5][6][7][8]
                                  53            [1]
                                  52            [1]
                                  51            [1]
                                  49            [1]
                                  48            [1][2]
                                  47            [1][2][3]
                                  45            [1][2][3][4]
                                  44            [1]
                                  43            [1][2][3][4][5]
                                  42            [1]
                                  41            [1]
                                  40            [1]
                                  39            [1]
                                  38            [1]
                                  37            [1]
                                  36            [1][2]
                                  35            [1][2][3][4][5][6]
                                  32            [1]
                                  31            [1]
                                  30            [1]
                                  29            [1]
                                  28            [1]
                                  27            [1]
                                  26            [1]
                                  25            [1]
                                  24            [1]
                                  23            [1]
                                  22            [1]
                                  21            [1]
                                  20            [1]
                                  19            [1]
                                  18            [1]
                                  17            [1]
                                  16            [1]
                                  15            [1]
                                  14            [1]
                                  13            [1]
                                  12            [1]
                                  11            [1]
                                  10            [1]
                                   9            [1]
                                   8            [1]
                                   7            [1]
                                   6            [1]
                                   5            [1]
                                   4            [1]
                                   3            [1]
                                   2            [1]
                                   0            

ff: found legal plan as follows
规划长度：152

var_size: 139691

当前收集的断言数：66557

1
找到反例！


第14次迭代
当前初始状态:
F:420 U:32
num_Or:30891
参数大于2的OR: 
(OBJ_AT O1 P12_12) (OBJ_AT O1 P12_11) (OBJ_AT O1 P12_10) (OBJ_AT O1 P12_9) (OBJ_AT O1 P5_12) (OBJ_AT O1 P4_7) (OBJ_AT O1 P2_4) 
(OBJ_AT O2 P12_12) (OBJ_AT O2 P12_11) (OBJ_AT O2 P12_10) (OBJ_AT O2 P4_5) (OBJ_AT O2 P3_7) (OBJ_AT O2 P2_12) 
(OBJ_AT O3 P10_12) (OBJ_AT O3 P6_7) (OBJ_AT O3 P2_4) 
H:70


Cueing down from goal distance:   70 into depth [1]
                                  69            [1]
                                  68            [1][2][3][4][5]
                                  67            [1][2][3][4][5]
                                  66            [1][2][3][4][5]
                                  65            [1][2][3]
                                  64            [1][2][3][4][5][6][7][8][9]
                                  63            [1][2][3]
                                  60            [1][2][3][4][5][6][7][8][9][10][11]
                                  58            [1][2][3][4][5][6][7][8][9][10][11]
                                  57            [1][2][3][4][5][6][7][8][9][10][11][12][13]
                                  56            [1][2][3][4][5][6][7][8][9][10][11][12][13]
                                  55            [1][2][3][4][5][6][7][8]
                                  54            [1]
                                  53            [1]
                                  52            [1]
                                  50            [1]
                                  49            [1][2]
                                  48            [1][2][3]
                                  46            [1][2][3][4]
                                  45            [1]
                                  44            [1][2][3][4][5]
                                  43            [1]
                                  42            [1]
                                  41            [1]
                                  40            [1]
                                  39            [1]
                                  38            [1]
                                  37            [1][2]
                                  36            [1][2][3][4][5][6]
                                  35            [1][2][3]
                                  34            [1]
                                  33            [1]
                                  32            [1]
                                  31            [1]
                                  30            [1]
                                  29            [1]
                                  28            [1]
                                  27            [1]
                                  26            [1]
                                  25            [1][2][3][4][5]
                                  23            [1]
                                  21            [1][2][3][4][5][6][7][8]
                                  20            [1][2][3][4][5][6][7][8][9][10][11][12][13][14][15][16]
                                  19            [1]
                                  18            [1]
                                  17            [1]
                                  16            [1]
                                  15            [1]
                                  14            [1]
                                  13            [1]
                                  12            [1]
                                  11            [1]
                                  10            [1]
                                   9            [1]
                                   8            [1]
                                   7            [1]
                                   6            [1]
                                   5            [1]
                                   4            [1]
                                   3            [1]
                                   2            [1]
                                   0            

ff: found legal plan as follows
规划长度：181

var_size: 167236

当前收集的断言数：79172

1
找到反例！


第15次迭代
当前初始状态:
F:418 U:36
num_Or:30891
参数大于2的OR: 
(OBJ_AT O1 P12_12) (OBJ_AT O1 P12_11) (OBJ_AT O1 P12_10) (OBJ_AT O1 P12_9) (OBJ_AT O1 P7_5) (OBJ_AT O1 P5_12) (OBJ_AT O1 P4_7) (OBJ_AT O1 P2_4) 
(OBJ_AT O2 P12_12) (OBJ_AT O2 P12_11) (OBJ_AT O2 P12_10) (OBJ_AT O2 P4_5) (OBJ_AT O2 P3_7) (OBJ_AT O2 P2_12) (OBJ_AT O2 P1_5) 
(OBJ_AT O3 P10_12) (OBJ_AT O3 P6_7) (OBJ_AT O3 P2_4) 
H:75


Cueing down from goal distance:   75 into depth [1][2]
                                  74            [1]
                                  73            [1][2]
                                  72            [1][2][3][4][5]
                                  71            [1][2][3][4][5]
                                  70            [1][2][3][4][5]
                                  69            [1][2][3][4][5]
                                  68            [1][2][3][4][5]
                                  67            [1][2][3][4][5]
                                  66            [1][2][3][4][5][6][7]
                                  65            [1][2]
                                  64            [1]
                                  63            [1][2][3]
                                  62            [1][2]
                                  59            [1][2][3]
                                  58            [1]
                                  57            [1][2][3][4]
                                  55            [1][2][3][4][5]
                                  53            [1][2][3][4]
                                  52            [1][2][3]
                                  51            [1]
                                  50            [1]
                                  49            [1]
                                  48            [1]
                                  47            [1]
                                  46            [1]
                                  45            [1]
                                  44            [1]
                                  43            [1]
                                  42            [1][2][3]
                                  41            [1][2][3]
                                  40            [1]
                                  39            [1]
                                  38            [1]
                                  37            [1]
                                  36            [1]
                                  35            [1]
                                  34            [1]
                                  33            [1]
                                  32            [1]
                                  31            [1]
                                  30            [1]
                                  29            [1]
                                  27            [1][2][3][4][5][6]
                                  26            [1]
                                  23            [1][2][3][4]
                                  22            [1][2][3][4][5][6]
                                  20            [1][2][3][4][5][6][7]
                                  19            [1][2][3][4][5][6][7][8][9][10][11][12][13][14][15]
                                  18            [1]
                                  17            [1]
                                  16            [1]
                                  15            [1]
                                  14            [1]
                                  13            [1]
                                  12            [1]
                                  11            [1]
                                  10            [1]
                                   9            [1]
                                   8            [1]
                                   7            [1]
                                   6            [1]
                                   5            [1]
                                   4            [1]
                                   3            [1]
                                   2            [1]
                                   0            

ff: found legal plan as follows
规划长度：153

var_size: 140829

当前收集的断言数：66992

1
找到反例！


第16次迭代
当前初始状态:
F:416 U:40
num_Or:30891
参数大于2的OR: 
(OBJ_AT O1 P12_12) (OBJ_AT O1 P12_11) (OBJ_AT O1 P12_10) (OBJ_AT O1 P12_9) (OBJ_AT O1 P7_5) (OBJ_AT O1 P5_12) (OBJ_AT O1 P4_7) (OBJ_AT O1 P2_4) 
(OBJ_AT O2 P12_12) (OBJ_AT O2 P12_11) (OBJ_AT O2 P12_10) (OBJ_AT O2 P5_7) (OBJ_AT O2 P4_5) (OBJ_AT O2 P3_7) (OBJ_AT O2 P2_12) (OBJ_AT O2 P1_5) 
(OBJ_AT O3 P10_12) (OBJ_AT O3 P7_2) (OBJ_AT O3 P6_7) (OBJ_AT O3 P2_4) 
H:81


Cueing down from goal distance:   81 into depth [1]
                                  80            [1]
                                  79            [1][2][3]
                                  78            [1]
                                  77            [1][2]
                                  75            [1][2][3][4][5][6][7][8]
                                  74            [1][2][3]
                                  72            [1][2][3][4][5]
                                  71            [1][2][3][4][5]
                                  70            [1][2][3][4][5]
                                  69            [1][2][3][4][5]
                                  68            [1][2][3][4][5]
                                  67            [1][2][3][4][5]
                                  66            [1][2][3][4][5][6][7]
                                  65            [1][2][3][4][5][6][7]
                                  64            [1]
                                  63            [1]
                                  62            [1]
                                  61            [1]
                                  60            [1]
                                  59            [1]
                                  58            [1]
                                  57            [1]
                                  56            [1]
                                  54            [1]
                                  53            [1][2]
                                  52            [1]
                                  51            [1]
                                  50            [1][2][3]
                                  49            [1]
                                  48            [1][2][3]
                                  46            [1][2][3][4]
                                  45            [1]
                                  43            [1][2][3]
                                  41            [1][2][3][4][5]
                                  40            [1]
                                  38            [1]
                                  37            [1][2]
                                  36            [1][2][3][4][5][6]
                                  35            [1][2][3]
                                  34            [1]
                                  33            [1]
                                  32            [1]
                                  31            [1]
                                  30            [1]
                                  29            [1]
                                  28            [1]
                                  27            [1]
                                  26            [1]
                                  25            [1][2][3][4][5]
                                  23            [1]
                                  21            [1][2][3][4][5][6][7][8]
                                  20            [1][2][3][4][5][6][7][8][9][10][11][12][13][14][15][16]
                                  19            [1]
                                  18            [1]
                                  17            [1]
                                  16            [1]
                                  15            [1]
                                  14            [1]
                                  13            [1]
                                  12            [1]
                                  11            [1]
                                  10            [1]
                                   9            [1]
                                   8            [1]
                                   7            [1]
                                   6            [1]
                                   5            [1]
                                   4            [1]
                                   3            [1]
                                   2            [1]
                                   0            

ff: found legal plan as follows
规划长度：167

var_size: 154471

当前收集的断言数：73082

1
找到反例！


第17次迭代
当前初始状态:
F:415 U:42
num_Or:30891
参数大于2的OR: 
(OBJ_AT O1 P12_12) (OBJ_AT O1 P12_11) (OBJ_AT O1 P12_10) (OBJ_AT O1 P12_9) (OBJ_AT O1 P7_5) (OBJ_AT O1 P5_12) (OBJ_AT O1 P4_7) (OBJ_AT O1 P2_4) 
(OBJ_AT O2 P12_12) (OBJ_AT O2 P12_11) (OBJ_AT O2 P12_10) (OBJ_AT O2 P5_7) (OBJ_AT O2 P4_5) (OBJ_AT O2 P3_7) (OBJ_AT O2 P2_12) (OBJ_AT O2 P1_5) 
(OBJ_AT O3 P10_12) (OBJ_AT O3 P9_7) (OBJ_AT O3 P7_2) (OBJ_AT O3 P6_7) (OBJ_AT O3 P2_4) 
H:85


Cueing down from goal distance:   85 into depth [1]
                                  84            [1]
                                  83            [1]
                                  79            [1][2][3]
                                  78            [1]
                                  77            [1]
                                  76            [1][2][3][4][5]
                                  75            [1][2][3][4][5][6][7][8]
                                  74            [1][2][3]
                                  72            [1][2][3][4][5]
                                  71            [1][2][3][4][5]
                                  70            [1][2][3][4][5]
                                  69            [1][2][3][4][5]
                                  68            [1][2][3][4][5]
                                  67            [1][2][3][4][5]
                                  66            [1][2][3][4][5][6][7]
                                  65            [1][2][3][4][5][6][7]
                                  64            [1]
                                  63            [1]
                                  62            [1]
                                  61            [1]
                                  60            [1]
                                  59            [1]
                                  58            [1]
                                  57            [1]
                                  56            [1]
                                  54            [1]
                                  53            [1][2]
                                  52            [1]
                                  51            [1]
                                  50            [1][2][3]
                                  49            [1]
                                  48            [1][2][3]
                                  46            [1][2][3][4]
                                  45            [1]
                                  43            [1][2][3]
                                  41            [1][2][3][4][5]
                                  40            [1]
                                  38            [1]
                                  37            [1][2]
                                  36            [1][2][3][4][5][6]
                                  35            [1][2][3]
                                  34            [1]
                                  33            [1]
                                  32            [1]
                                  31            [1]
                                  30            [1]
                                  29            [1]
                                  28            [1]
                                  27            [1]
                                  26            [1]
                                  25            [1][2][3][4][5]
                                  23            [1]
                                  21            [1][2][3][4][5][6][7][8]
                                  20            [1][2][3][4][5][6][7][8][9][10][11][12][13][14][15][16]
                                  19            [1]
                                  18            [1]
                                  17            [1]
                                  16            [1]
                                  15            [1]
                                  14            [1]
                                  13            [1]
                                  12            [1]
                                  11            [1]
                                  10            [1]
                                   9            [1]
                                   8            [1]
                                   7            [1]
                                   6            [1]
                                   5            [1]
                                   4            [1]
                                   3            [1]
                                   2            [1]
                                   0            

ff: found legal plan as follows
规划长度：172

var_size: 159198

当前收集的断言数：75257

1
找到反例！


第18次迭代
当前初始状态:
F:413 U:46
num_Or:30891
参数大于2的OR: 
(OBJ_AT O1 P12_12) (OBJ_AT O1 P12_11) (OBJ_AT O1 P12_10) (OBJ_AT O1 P12_9) (OBJ_AT O1 P7_5) (OBJ_AT O1 P5_12) (OBJ_AT O1 P4_7) (OBJ_AT O1 P2_4) 
(OBJ_AT O2 P12_12) (OBJ_AT O2 P12_11) (OBJ_AT O2 P12_10) (OBJ_AT O2 P12_8) (OBJ_AT O2 P5_7) (OBJ_AT O2 P4_5) (OBJ_AT O2 P3_7) (OBJ_AT O2 P2_12) (OBJ_AT O2 P1_5) 
(OBJ_AT O3 P10_12) (OBJ_AT O3 P9_7) (OBJ_AT O3 P7_2) (OBJ_AT O3 P6_11) (OBJ_AT O3 P6_7) (OBJ_AT O3 P2_4) 
H:93


Cueing down from goal distance:   93 into depth [1]
                                  92            [1]
                                  91            [1]
                                  87            [1][2][3]
                                  86            [1]
                                  85            [1]
                                  84            [1][2][3][4][5]
                                  83            [1][2][3][4][5][6][7]
                                  82            [1][2][3][4][5][6]
                                  81            [1][2][3][4][5][6]
                                  79            [1][2][3][4][5][6]
                                  78            [1][2][3]
                                  77            [1][2][3][4][5][6][7]
                                  76            [1][2][3]
                                  73            [1][2][3][4][5][6][7][8][9]
                                  71            [1][2][3][4][5][6][7][8][9]
                                  69            [1][2][3][4][5][6][7][8][9]
                                  68            [1][2][3][4][5][6][7][8][9][10][11]
                                  67            [1][2][3][4][5][6][7]
                                  66            [1][2]
                                  65            [1]
                                  64            [1][2]
                                  62            [1][2][3]
                                  61            [1]
                                  60            [1][2][3][4]
                                  59            [1]
                                  58            [1][2][3][4]
                                  57            [1]
                                  56            [1][2][3][4]
                                  54            [1][2][3][4][5]
                                  53            [1]
                                  52            [1]
                                  51            [1]
                                  50            [1]
                                  49            [1]
                                  48            [1]
                                  47            [1]
                                  46            [1]
                                  45            [1][2][3]
                                  44            [1]
                                  43            [1]
                                  42            [1][2][3]
                                  41            [1]
                                  40            [1]
                                  39            [1]
                                  38            [1][2][3]
                                  37            [1][2][3][4][5]
                                  36            [1][2][3]
                                  35            [1][2][3][4][5][6][7]
                                  34            [1]
                                  33            [1]
                                  32            [1]
                                  31            [1]
                                  30            [1]
                                  29            [1]
                                  28            [1]
                                  27            [1]
                                  26            [1]
                                  25            [1][2][3][4][5]
                                  24            [1]
                                  22            [1]
                                  20            [1][2][3][4][5][6][7]
                                  19            [1][2][3][4][5][6][7][8][9][10][11][12][13][14][15]
                                  18            [1]
                                  17            [1]
                                  16            [1]
                                  15            [1]
                                  14            [1]
                                  13            [1]
                                  12            [1]
                                  11            [1]
                                  10            [1]
                                   9            [1]
                                   8            [1]
                                   7            [1]
                                   6            [1]
                                   5            [1]
                                   4            [1]
                                   3            [1]
                                   2            [1]
                                   0            

ff: found legal plan as follows
规划长度：216

var_size: 200924

当前收集的断言数：94397

1
找到反例！


第19次迭代
当前初始状态:
F:412 U:48
num_Or:30891
参数大于2的OR: 
(OBJ_AT O1 P12_12) (OBJ_AT O1 P12_11) (OBJ_AT O1 P12_10) (OBJ_AT O1 P12_9) (OBJ_AT O1 P7_5) (OBJ_AT O1 P5_12) (OBJ_AT O1 P4_7) (OBJ_AT O1 P2_4) 
(OBJ_AT O2 P12_12) (OBJ_AT O2 P12_11) (OBJ_AT O2 P12_10) (OBJ_AT O2 P12_8) (OBJ_AT O2 P5_7) (OBJ_AT O2 P4_5) (OBJ_AT O2 P3_12) (OBJ_AT O2 P3_7) (OBJ_AT O2 P2_12) (OBJ_AT O2 P1_5) 
(OBJ_AT O3 P10_12) (OBJ_AT O3 P9_7) (OBJ_AT O3 P7_2) (OBJ_AT O3 P6_11) (OBJ_AT O3 P6_7) (OBJ_AT O3 P2_4) 
H:99


Cueing down from goal distance:   99 into depth [1]
                                  98            [1]
                                  97            [1]
                                  93            [1][2][3]
                                  92            [1]
                                  91            [1]
                                  90            [1][2][3][4][5]
                                  89            [1][2][3][4][5][6][7]
                                  88            [1][2][3][4][5][6]
                                  87            [1][2][3][4][5][6]
                                  85            [1][2][3][4][5][6]
                                  84            [1][2][3]
                                  83            [1][2][3][4][5][6][7]
                                  82            [1][2][3]
                                  79            [1][2][3][4][5][6][7][8][9]
                                  77            [1][2][3][4][5][6][7][8][9]
                                  75            [1][2][3][4][5][6][7][8][9]
                                  74            [1][2][3][4][5][6][7][8][9][10][11]
                                  73            [1][2][3][4][5][6][7]
                                  72            [1][2]
                                  71            [1]
                                  70            [1]
                                  67            [1]
                                  63            [1][2][3]
                                  62            [1]
                                  61            [1][2][3][4]
                                  59            [1][2][3][4][5][6]
                                  58            [1][2][3]
                                  57            [1]
                                  56            [1]
                                  54            [1]
                                  52            [1]
                                  50            [1][2][3]
                                  49            [1][2][3]
                                  48            [1][2][3][4][5]
                                  45            [1][2][3][4][5][6]
                                  44            [1]
                                  43            [1][2][3]
                                  42            [1]
                                  41            [1]
                                  40            [1]
                                  39            [1][2][3]
                                  38            [1][2][3][4][5]
                                  37            [1]
                                  36            [1]
                                  35            [1]
                                  34            [1][2][3][4][5][6][7]
                                  33            [1][2][3][4][5]
                                  32            [1][2][3][4]
                                  31            [1]
                                  30            [1]
                                  29            [1]
                                  28            [1]
                                  27            [1]
                                  26            [1]
                                  25            [1]
                                  24            [1]
                                  23            [1]
                                  22            [1][2][3]
                                  21            [1]
                                  20            [1]
                                  19            [1]
                                  18            [1]
                                  17            [1]
                                  16            [1]
                                  15            [1]
                                  14            [1]
                                  13            [1]
                                  12            [1]
                                  11            [1]
                                  10            [1]
                                   9            [1]
                                   8            [1]
                                   7            [1]
                                   6            [1]
                                   5            [1]
                                   4            [1]
                                   3            [1]
                                   2            [1]
                                   0            

ff: found legal plan as follows
规划长度：205

var_size: 191128

当前收集的断言数：89612

1
找到反例！


第20次迭代
当前初始状态:
F:411 U:50
num_Or:30891
参数大于2的OR: 
(OBJ_AT O1 P12_12) (OBJ_AT O1 P12_11) (OBJ_AT O1 P12_10) (OBJ_AT O1 P12_9) (OBJ_AT O1 P7_5) (OBJ_AT O1 P5_12) (OBJ_AT O1 P4_7) (OBJ_AT O1 P2_4) 
(OBJ_AT O2 P12_12) (OBJ_AT O2 P12_11) (OBJ_AT O2 P12_10) (OBJ_AT O2 P12_8) (OBJ_AT O2 P5_7) (OBJ_AT O2 P4_5) (OBJ_AT O2 P3_12) (OBJ_AT O2 P3_7) (OBJ_AT O2 P2_12) (OBJ_AT O2 P1_5) 
(OBJ_AT O3 P10_12) (OBJ_AT O3 P9_7) (OBJ_AT O3 P7_2) (OBJ_AT O3 P6_11) (OBJ_AT O3 P6_7) (OBJ_AT O3 P3_8) (OBJ_AT O3 P2_4) 
H:100


Cueing down from goal distance:  100 into depth [1]
                                  99            [1]
                                  98            [1]
                                  94            [1][2][3]
                                  93            [1]
                                  92            [1]
                                  91            [1][2][3][4][5]
                                  90            [1][2][3][4][5][6][7]
                                  89            [1][2][3][4][5][6]
                                  88            [1][2][3][4][5][6]
                                  86            [1][2][3][4][5][6]
                                  85            [1][2][3]
                                  84            [1][2][3][4][5][6][7]
                                  83            [1][2][3]
                                  80            [1][2][3][4][5][6][7][8][9]
                                  78            [1][2][3][4][5][6][7][8][9]
                                  76            [1][2][3][4][5][6][7][8][9]
                                  75            [1][2][3][4][5][6][7][8][9][10][11]
                                  74            [1][2][3][4][5][6][7]
                                  73            [1][2]
                                  72            [1]
                                  71            [1]
                                  68            [1]
                                  65            [1][2][3]
                                  64            [1]
                                  63            [1][2][3][4]
                                  61            [1][2][3][4][5]
                                  60            [1]
                                  59            [1]
                                  58            [1]
                                  57            [1]
                                  56            [1]
                                  55            [1]
                                  54            [1][2][3]
                                  52            [1][2][3]
                                  51            [1]
                                  50            [1]
                                  49            [1]
                                  48            [1]
                                  47            [1][2][3][4][5][6]
                                  45            [1]
                                  43            [1]
                                  42            [1][2]
                                  41            [1]
                                  40            [1]
                                  39            [1]
                                  38            [1]
                                  37            [1]
                                  36            [1]
                                  35            [1]
                                  34            [1]
                                  33            [1][2]
                                  32            [1]
                                  31            [1][2][3]
                                  30            [1]
                                  29            [1]
                                  27            [1]
                                  25            [1]
                                  24            [1]
                                  22            [1]
                                  20            [1]
                                  18            [1]
                                  16            [1]
                                  14            [1]
                                  13            [1]
                                  12            [1]
                                  11            [1]
                                  10            [1]
                                   9            [1]
                                   8            [1]
                                   7            [1]
                                   6            [1]
                                   5            [1]
                                   4            [1]
                                   3            [1]
                                   2            [1]
                                   0            

ff: found legal plan as follows
规划长度：176

var_size: 163116

当前收集的断言数：76997

1
找到反例！


第21次迭代
当前初始状态:
F:410 U:52
num_Or:30891
参数大于2的OR: 
(OBJ_AT O1 P12_12) (OBJ_AT O1 P12_11) (OBJ_AT O1 P12_10) (OBJ_AT O1 P12_9) (OBJ_AT O1 P9_2) (OBJ_AT O1 P7_5) (OBJ_AT O1 P5_12) (OBJ_AT O1 P4_7) (OBJ_AT O1 P2_4) 
(OBJ_AT O2 P12_12) (OBJ_AT O2 P12_11) (OBJ_AT O2 P12_10) (OBJ_AT O2 P12_8) (OBJ_AT O2 P5_7) (OBJ_AT O2 P4_5) (OBJ_AT O2 P3_12) (OBJ_AT O2 P3_7) (OBJ_AT O2 P2_12) (OBJ_AT O2 P1_5) 
(OBJ_AT O3 P10_12) (OBJ_AT O3 P9_7) (OBJ_AT O3 P7_2) (OBJ_AT O3 P6_11) (OBJ_AT O3 P6_7) (OBJ_AT O3 P3_8) (OBJ_AT O3 P2_4) 
H:103


Cueing down from goal distance:  103 into depth [1]
                                 102            [1]
                                 101            [1]
                                  97            [1]
                                  96            [1]
                                  95            [1]
                                  94            [1][2][3][4][5][6][7]
                                  93            [1][2][3]
                                  92            [1][2][3]
                                  91            [1][2][3][4][5][6]
                                  90            [1]
                                  89            [1]
                                  88            [1]
                                  87            [1][2][3][4][5][6][7][8][9][10]
                                  86            [1][2][3]
                                  84            [1][2][3][4][5][6][7][8]
                                  83            [1][2]
                                  82            [1][2]
                                  81            [1][2][3][4]
                                  80            [1][2]
                                  79            [1]
                                  78            [1]
                                  77            [1][2][3]
                                  76            [1]
                                  75            [1][2][3]
                                  73            [1][2]
                                  72            [1]
                                  71            [1]
                                  70            [1]
                                  69            [1]
                                  68            [1]
                                  67            [1]
                                  65            [1]
                                  63            [1]
                                  61            [1]
                                  59            [1][2][3]
                                  58            [1][2][3]
                                  57            [1][2][3][4][5]
                                  56            [1]
                                  54            [1]
                                  52            [1]
                                  51            [1]
                                  50            [1]
                                  49            [1]
                                  48            [1][2][3]
                                  47            [1][2][3]
                                  46            [1]
                                  45            [1]
                                  44            [1][2][3]
                                  43            [1][2][3][4][5]
                                  42            [1][2]
                                  36            [1]
                                  35            [1][2][3][4][5]
                                  32            [1][2][3][4][5][6][7][8]
                                  31            [1][2]
                                  30            [1][2][3][4][5][6]
                                  29            [1]
                                  28            [1]
                                  27            [1]
                                  26            [1]
                                  25            [1]
                                  24            [1]
                                  23            [1]
                                  22            [1]
                                  21            [1][2][3][4]
                                  20            [1]
                                  19            [1]
                                  18            [1]
                                  17            [1]
                                  16            [1]
                                  15            [1]
                                  14            [1]
                                  13            [1]
                                  12            [1]
                                  11            [1]
                                  10            [1]
                                   9            [1]
                                   8            [1]
                                   7            [1]
                                   6            [1]
                                   5            [1]
                                   4            [1]
                                   3            [1]
                                   2            [1]Out of Memory
now_time:2111.0539580890036
