                                  22            [1]
                                  21            [1]
                                  20            [1]
                                  19            [1]
                                  18            [1]
                                  17            [1]
                                  16            [1]
                                  15            [1]
                                  14            [1]
                                  13            [1]
                                  12            [1]
                                  11            [1]
                                  10            [1]
                                   9            [1]
                                   8            [1]
                                   7            [1]
                                   6            [1]
                                   5            [1]
                                   4            [1]
                                   3            [1]
                                   2            [1]
                                   0            

ff: found legal plan as follows
规划长度：93

var_size: 37600

当前收集的断言数：18802

1
找到反例！


第91次迭代
当前初始状态:
F:106 U:188
num_Or:0
参数大于2的OR: 
H:95


Cueing down from goal distance:   95 into depth [1]
                                  94            [1]
                                  93            [1]
                                  92            [1]
                                  91            [1]
                                  90            [1]
                                  89            [1]
                                  88            [1]
                                  87            [1]
                                  86            [1]
                                  85            [1]
                                  84            [1]
                                  83            [1]
                                  82            [1]
                                  81            [1]
                                  80            [1]
                                  79            [1]
                                  78            [1]
                                  77            [1]
                                  76            [1]
                                  75            [1]
                                  74            [1]
                                  73            [1]
                                  72            [1]
                                  71            [1]
                                  70            [1]
                                  69            [1]
                                  68            [1]
                                  67            [1]
                                  66            [1]
                                  65            [1]
                                  64            [1]
                                  63            [1]
                                  62            [1]
                                  61            [1]
                                  60            [1]
                                  59            [1]
                                  58            [1]
                                  57            [1]
                                  56            [1]
                                  55            [1]
                                  54            [1]
                                  53            [1]
                                  52            [1]
                                  51            [1]
                                  50            [1]
                                  49            [1]
                                  48            [1]
                                  47            [1]
                                  46            [1]
                                  45            [1]
                                  44            [1]
                                  43            [1]
                                  42            [1]
                                  41            [1]
                                  40            [1]
                                  39            [1]
                                  38            [1]
                                  37            [1]
                                  36            [1]
                                  35            [1]
                                  34            [1]
                                  33            [1]
                                  32            [1]
                                  31            [1]
                                  30            [1]
                                  29            [1]
                                  28            [1]
                                  27            [1]
                                  26            [1]
                                  25            [1]
                                  24            [1]
                                  23            [1]
                                  22            [1]
                                  21            [1]
                                  20            [1]
                                  19            [1]
                                  18            [1]
                                  17            [1]
                                  16            [1]
                                  15            [1]
                                  14            [1]
                                  13            [1]
                                  12            [1]
                                  11            [1]
                                  10            [1]
                                   9            [1]
                                   8            [1]
                                   7            [1]
                                   6            [1]
                                   5            [1]
                                   4            [1]
                                   3            [1]
                                   2            [1]
                                   0            

ff: found legal plan as follows
规划长度：94

var_size: 38000

当前收集的断言数：19002

1
找到反例！


第92次迭代
当前初始状态:
F:105 U:190
num_Or:0
参数大于2的OR: 
H:96


Cueing down from goal distance:   96 into depth [1]
                                  95            [1]
                                  94            [1]
                                  93            [1]
                                  92            [1]
                                  91            [1]
                                  90            [1]
                                  89            [1]
                                  88            [1]
                                  87            [1]
                                  86            [1]
                                  85            [1]
                                  84            [1]
                                  83            [1]
                                  82            [1]
                                  81            [1]
                                  80            [1]
                                  79            [1]
                                  78            [1]
                                  77            [1]
                                  76            [1]
                                  75            [1]
                                  74            [1]
                                  73            [1]
                                  72            [1]
                                  71            [1]
                                  70            [1]
                                  69            [1]
                                  68            [1]
                                  67            [1]
                                  66            [1]
                                  65            [1]
                                  64            [1]
                                  63            [1]
                                  62            [1]
                                  61            [1]
                                  60            [1]
                                  59            [1]
                                  58            [1]
                                  57            [1]
                                  56            [1]
                                  55            [1]
                                  54            [1]
                                  53            [1]
                                  52            [1]
                                  51            [1]
                                  50            [1]
                                  49            [1]
                                  48            [1]
                                  47            [1]
                                  46            [1]
                                  45            [1]
                                  44            [1]
                                  43            [1]
                                  42            [1]
                                  41            [1]
                                  40            [1]
                                  39            [1]
                                  38            [1]
                                  37            [1]
                                  36            [1]
                                  35            [1]
                                  34            [1]
                                  33            [1]
                                  32            [1]
                                  31            [1]
                                  30            [1]
                                  29            [1]
                                  28            [1]
                                  27            [1]
                                  26            [1]
                                  25            [1]
                                  24            [1]
                                  23            [1]
                                  22            [1]
                                  21            [1]
                                  20            [1]
                                  19            [1]
                                  18            [1]
                                  17            [1]
                                  16            [1]
                                  15            [1]
                                  14            [1]
                                  13            [1]
                                  12            [1]
                                  11            [1]
                                  10            [1]
                                   9            [1]
                                   8            [1]
                                   7            [1]
                                   6            [1]
                                   5            [1]
                                   4            [1]
                                   3            [1]
                                   2            [1]
                                   0            

ff: found legal plan as follows
规划长度：95

var_size: 38400

当前收集的断言数：19202

1
找到反例！


第93次迭代
当前初始状态:
F:104 U:192
num_Or:0
参数大于2的OR: 
H:97


Cueing down from goal distance:   97 into depth [1]
                                  96            [1]
                                  95            [1]
                                  94            [1]
                                  93            [1]
                                  92            [1]
                                  91            [1]
                                  90            [1]
                                  89            [1]
                                  88            [1]
                                  87            [1]
                                  86            [1]
                                  85            [1]
                                  84            [1]
                                  83            [1]
                                  82            [1]
                                  81            [1]
                                  80            [1]
                                  79            [1]
                                  78            [1]
                                  77            [1]
                                  76            [1]
                                  75            [1]
                                  74            [1]
                                  73            [1]
                                  72            [1]
                                  71            [1]
                                  70            [1]
                                  69            [1]
                                  68            [1]
                                  67            [1]
                                  66            [1]
                                  65            [1]
                                  64            [1]
                                  63            [1]
                                  62            [1]
                                  61            [1]
                                  60            [1]
                                  59            [1]
                                  58            [1]
                                  57            [1]
                                  56            [1]
                                  55            [1]
                                  54            [1]
                                  53            [1]
                                  52            [1]
                                  51            [1]
                                  50            [1]
                                  49            [1]
                                  48            [1]
                                  47            [1]
                                  46            [1]
                                  45            [1]
                                  44            [1]
                                  43            [1]
                                  42            [1]
                                  41            [1]
                                  40            [1]
                                  39            [1]
                                  38            [1]
                                  37            [1]
                                  36            [1]
                                  35            [1]
                                  34            [1]
                                  33            [1]
                                  32            [1]
                                  31            [1]
                                  30            [1]
                                  29            [1]
                                  28            [1]
                                  27            [1]
                                  26            [1]
                                  25            [1]
                                  24            [1]
                                  23            [1]
                                  22            [1]
                                  21            [1]
                                  20            [1]
                                  19            [1]
                                  18            [1]
                                  17            [1]
                                  16            [1]
                                  15            [1]
                                  14            [1]
                                  13            [1]
                                  12            [1]
                                  11            [1]
                                  10            [1]
                                   9            [1]
                                   8            [1]
                                   7            [1]
                                   6            [1]
                                   5            [1]
                                   4            [1]
                                   3            [1]
                                   2            [1]
                                   0            

ff: found legal plan as follows
规划长度：96

var_size: 38800

当前收集的断言数：19402

1
找到反例！


第94次迭代
当前初始状态:
F:103 U:194
num_Or:0
参数大于2的OR: 
H:98


Cueing down from goal distance:   98 into depth [1]
                                  97            [1]
                                  96            [1]
                                  95            [1]
                                  94            [1]
                                  93            [1]
                                  92            [1]
                                  91            [1]
                                  90            [1]
                                  89            [1]
                                  88            [1]
                                  87            [1]
                                  86            [1]
                                  85            [1]
                                  84            [1]
                                  83            [1]
                                  82            [1]
                                  81            [1]
                                  80            [1]
                                  79            [1]
                                  78            [1]
                                  77            [1]
                                  76            [1]
                                  75            [1]
                                  74            [1]
                                  73            [1]
                                  72            [1]
                                  71            [1]
                                  70            [1]
                                  69            [1]
                                  68            [1]
                                  67            [1]
                                  66            [1]
                                  65            [1]
                                  64            [1]
                                  63            [1]
                                  62            [1]
                                  61            [1]
                                  60            [1]
                                  59            [1]
                                  58            [1]
                                  57            [1]
                                  56            [1]
                                  55            [1]
                                  54            [1]
                                  53            [1]
                                  52            [1]
                                  51            [1]
                                  50            [1]
                                  49            [1]
                                  48            [1]
                                  47            [1]
                                  46            [1]
                                  45            [1]
                                  44            [1]
                                  43            [1]
                                  42            [1]
                                  41            [1]
                                  40            [1]
                                  39            [1]
                                  38            [1]
                                  37            [1]
                                  36            [1]
                                  35            [1]
                                  34            [1]
                                  33            [1]
                                  32            [1]
                                  31            [1]
                                  30            [1]
                                  29            [1]
                                  28            [1]
                                  27            [1]
                                  26            [1]
                                  25            [1]
                                  24            [1]
                                  23            [1]
                                  22            [1]
                                  21            [1]
                                  20            [1]
                                  19            [1]
                                  18            [1]
                                  17            [1]
                                  16            [1]
                                  15            [1]
                                  14            [1]
                                  13            [1]
                                  12            [1]
                                  11            [1]
                                  10            [1]
                                   9            [1]
                                   8            [1]
                                   7            [1]
                                   6            [1]
                                   5            [1]
                                   4            [1]
                                   3            [1]
                                   2            [1]
                                   0            

ff: found legal plan as follows
规划长度：97

var_size: 39200

当前收集的断言数：19602

1
找到反例！


第95次迭代
当前初始状态:
F:102 U:196
num_Or:0
参数大于2的OR: 
H:99


Cueing down from goal distance:   99 into depth [1]
                                  98            [1]
                                  97            [1]
                                  96            [1]
                                  95            [1]
                                  94            [1]
                                  93            [1]
                                  92            [1]
                                  91            [1]
                                  90            [1]
                                  89            [1]
                                  88            [1]
                                  87            [1]
                                  86            [1]
                                  85            [1]
                                  84            [1]
                                  83            [1]
                                  82            [1]
                                  81            [1]
                                  80            [1]
                                  79            [1]
                                  78            [1]
                                  77            [1]
                                  76            [1]
                                  75            [1]
                                  74            [1]
                                  73            [1]
                                  72            [1]
                                  71            [1]
                                  70            [1]
                                  69            [1]
                                  68            [1]
                                  67            [1]
                                  66            [1]
                                  65            [1]
                                  64            [1]
                                  63            [1]
                                  62            [1]
                                  61            [1]
                                  60            [1]
                                  59            [1]
                                  58            [1]
                                  57            [1]
                                  56            [1]
                                  55            [1]
                                  54            [1]
                                  53            [1]
                                  52            [1]
                                  51            [1]
                                  50            [1]
                                  49            [1]
                                  48            [1]
                                  47            [1]
                                  46            [1]
                                  45            [1]
                                  44            [1]
                                  43            [1]
                                  42            [1]
                                  41            [1]
                                  40            [1]
                                  39            [1]
                                  38            [1]
                                  37            [1]
                                  36            [1]
                                  35            [1]
                                  34            [1]
                                  33            [1]
                                  32            [1]
                                  31            [1]
                                  30            [1]
                                  29            [1]
                                  28            [1]
                                  27            [1]
                                  26            [1]
                                  25            [1]
                                  24            [1]
                                  23            [1]
                                  22            [1]
                                  21            [1]
                                  20            [1]
                                  19            [1]
                                  18            [1]
                                  17            [1]
                                  16            [1]
                                  15            [1]
                                  14            [1]
                                  13            [1]
                                  12            [1]
                                  11            [1]
                                  10            [1]
                                   9            [1]
                                   8            [1]
                                   7            [1]
                                   6            [1]
                                   5            [1]
                                   4            [1]
                                   3            [1]
                                   2            [1]
                                   0            

ff: found legal plan as follows
规划长度：98

var_size: 39600

当前收集的断言数：19802

1
找到反例！


第96次迭代
当前初始状态:
F:101 U:198
num_Or:0
参数大于2的OR: 
H:100


Cueing down from goal distance:  100 into depth [1]
                                  99            [1]
                                  98            [1]
                                  97            [1]
                                  96            [1]
                                  95            [1]
                                  94            [1]
                                  93            [1]
                                  92            [1]
                                  91            [1]
                                  90            [1]
                                  89            [1]
                                  88            [1]
                                  87            [1]
                                  86            [1]
                                  85            [1]
                                  84            [1]
                                  83            [1]
                                  82            [1]
                                  81            [1]
                                  80            [1]
                                  79            [1]
                                  78            [1]
                                  77            [1]
                                  76            [1]
                                  75            [1]
                                  74            [1]
                                  73            [1]
                                  72            [1]
                                  71            [1]
                                  70            [1]
                                  69            [1]
                                  68            [1]
                                  67            [1]
                                  66            [1]
                                  65            [1]
                                  64            [1]
                                  63            [1]
                                  62            [1]
                                  61            [1]
                                  60            [1]
                                  59            [1]
                                  58            [1]
                                  57            [1]
                                  56            [1]
                                  55            [1]
                                  54            [1]
                                  53            [1]
                                  52            [1]
                                  51            [1]
                                  50            [1]
                                  49            [1]
                                  48            [1]
                                  47            [1]
                                  46            [1]
                                  45            [1]
                                  44            [1]
                                  43            [1]
                                  42            [1]
                                  41            [1]
                                  40            [1]
                                  39            [1]
                                  38            [1]
                                  37            [1]
                                  36            [1]
                                  35            [1]
                                  34            [1]
                                  33            [1]
                                  32            [1]
                                  31            [1]
                                  30            [1]
                                  29            [1]
                                  28            [1]
                                  27            [1]
                                  26            [1]
                                  25            [1]
                                  24            [1]
                                  23            [1]
                                  22            [1]
                                  21            [1]
                                  20            [1]
                                  19            [1]
                                  18            [1]
                                  17            [1]
                                  16            [1]
                                  15            [1]
                                  14            [1]
                                  13            [1]
                                  12            [1]
                                  11            [1]
                                  10            [1]
                                   9            [1]
                                   8            [1]
                                   7            [1]
                                   6            [1]
                                   5            [1]
                                   4            [1]
                                   3            [1]
                                   2            [1]
                                   0            

ff: found legal plan as follows
规划长度：99

var_size: 40000

当前收集的断言数：20002

1
找到反例！


第97次迭代
当前初始状态:
F:100 U:200
num_Or:0
参数大于2的OR: 
H:101


Cueing down from goal distance:  101 into depth [1]
                                 100            [1]
                                  99            [1]
                                  98            [1]
                                  97            [1]
                                  96            [1]
                                  95            [1]
                                  94            [1]
                                  93            [1]
                                  92            [1]
                                  91            [1]
                                  90            [1]
                                  89            [1]
                                  88            [1]
                                  87            [1]
                                  86            [1]
                                  85            [1]
                                  84            [1]
                                  83            [1]
                                  82            [1]
                                  81            [1]
                                  80            [1]
                                  79            [1]
                                  78            [1]
                                  77            [1]
                                  76            [1]
                                  75            [1]
                                  74            [1]
                                  73            [1]
                                  72            [1]
                                  71            [1]
                                  70            [1]
                                  69            [1]
                                  68            [1]
                                  67            [1]
                                  66            [1]
                                  65            [1]
                                  64            [1]
                                  63            [1]
                                  62            [1]
                                  61            [1]
                                  60            [1]
                                  59            [1]
                                  58            [1]
                                  57            [1]
                                  56            [1]
                                  55            [1]
                                  54            [1]
                                  53            [1]
                                  52            [1]
                                  51            [1]
                                  50            [1]
                                  49            [1]
                                  48            [1]
                                  47            [1]
                                  46            [1]
                                  45            [1]
                                  44            [1]
                                  43            [1]
                                  42            [1]
                                  41            [1]
                                  40            [1]
                                  39            [1]
                                  38            [1]
                                  37            [1]
                                  36            [1]
                                  35            [1]
                                  34            [1]
                                  33            [1]
                                  32            [1]
                                  31            [1]
                                  30            [1]
                                  29            [1]
                                  28            [1]
                                  27            [1]
                                  26            [1]
                                  25            [1]
                                  24            [1]
                                  23            [1]
                                  22            [1]
                                  21            [1]
                                  20            [1]
                                  19            [1]
                                  18            [1]
                                  17            [1]
                                  16            [1]
                                  15            [1]
                                  14            [1]
                                  13            [1]
                                  12            [1]
                                  11            [1]
                                  10            [1]
                                   9            [1]
                                   8            [1]
                                   7            [1]
                                   6            [1]
                                   5            [1]
                                   4            [1]
                                   3            [1]
                                   2            [1]
                                   0            

ff: found legal plan as follows
规划长度：100

var_size: 40400

当前收集的断言数：20202

-1
unsat
没有反例，找到最终解！




ff: found legal plan as follows

step    0: DUNK BOMB100 TOILET100
        1: DUNK BOMB99 TOILET99
        2: DUNK BOMB98 TOILET98
        3: DUNK BOMB97 TOILET97
        4: DUNK BOMB96 TOILET96
        5: DUNK BOMB95 TOILET95
        6: DUNK BOMB94 TOILET94
        7: DUNK BOMB93 TOILET93
        8: DUNK BOMB92 TOILET92
        9: DUNK BOMB91 TOILET91
       10: DUNK BOMB90 TOILET90
       11: DUNK BOMB89 TOILET89
       12: DUNK BOMB88 TOILET88
       13: DUNK BOMB87 TOILET87
       14: DUNK BOMB86 TOILET86
       15: DUNK BOMB85 TOILET85
       16: DUNK BOMB84 TOILET84
       17: DUNK BOMB83 TOILET83
       18: DUNK BOMB82 TOILET82
       19: DUNK BOMB81 TOILET81
       20: DUNK BOMB80 TOILET80
       21: DUNK BOMB79 TOILET79
       22: DUNK BOMB78 TOILET78
       23: DUNK BOMB77 TOILET77
       24: DUNK BOMB76 TOILET76
       25: DUNK BOMB75 TOILET75
       26: DUNK BOMB74 TOILET74
       27: DUNK BOMB73 TOILET73
       28: DUNK BOMB72 TOILET72
       29: DUNK BOMB71 TOILET71
       30: DUNK BOMB70 TOILET70
       31: DUNK BOMB69 TOILET69
       32: DUNK BOMB68 TOILET68
       33: DUNK BOMB67 TOILET67
       34: DUNK BOMB66 TOILET66
       35: DUNK BOMB65 TOILET65
       36: DUNK BOMB64 TOILET64
       37: DUNK BOMB63 TOILET63
       38: DUNK BOMB62 TOILET62
       39: DUNK BOMB61 TOILET61
       40: DUNK BOMB60 TOILET60
       41: DUNK BOMB59 TOILET59
       42: DUNK BOMB58 TOILET58
       43: DUNK BOMB57 TOILET57
       44: DUNK BOMB56 TOILET56
       45: DUNK BOMB55 TOILET55
       46: DUNK BOMB54 TOILET54
       47: DUNK BOMB53 TOILET53
       48: DUNK BOMB52 TOILET52
       49: DUNK BOMB51 TOILET51
       50: DUNK BOMB50 TOILET50
       51: DUNK BOMB49 TOILET49
       52: DUNK BOMB48 TOILET48
       53: DUNK BOMB47 TOILET47
       54: DUNK BOMB46 TOILET46
       55: DUNK BOMB45 TOILET45
       56: DUNK BOMB44 TOILET44
       57: DUNK BOMB43 TOILET43
       58: DUNK BOMB42 TOILET42
       59: DUNK BOMB41 TOILET41
       60: DUNK BOMB40 TOILET40
       61: DUNK BOMB39 TOILET39
       62: DUNK BOMB38 TOILET38
       63: DUNK BOMB37 TOILET37
       64: DUNK BOMB36 TOILET36
       65: DUNK BOMB35 TOILET35
       66: DUNK BOMB34 TOILET34
       67: DUNK BOMB33 TOILET33
       68: DUNK BOMB32 TOILET32
       69: DUNK BOMB31 TOILET31
       70: DUNK BOMB30 TOILET30
       71: DUNK BOMB29 TOILET29
       72: DUNK BOMB28 TOILET28
       73: DUNK BOMB27 TOILET27
       74: DUNK BOMB26 TOILET26
       75: DUNK BOMB25 TOILET25
       76: DUNK BOMB24 TOILET24
       77: DUNK BOMB23 TOILET23
       78: DUNK BOMB22 TOILET22
       79: DUNK BOMB21 TOILET21
       80: DUNK BOMB20 TOILET20
       81: DUNK BOMB19 TOILET19
       82: DUNK BOMB18 TOILET18
       83: DUNK BOMB17 TOILET17
       84: DUNK BOMB16 TOILET16
       85: DUNK BOMB15 TOILET15
       86: DUNK BOMB14 TOILET14
       87: DUNK BOMB13 TOILET13
       88: DUNK BOMB12 TOILET12
       89: DUNK BOMB11 TOILET11
       90: DUNK BOMB10 TOILET10
       91: DUNK BOMB9 TOILET9
       92: DUNK BOMB8 TOILET8
       93: DUNK BOMB7 TOILET7
       94: DUNK BOMB6 TOILET6
       95: DUNK BOMB5 TOILET5
       96: DUNK BOMB4 TOILET4
       97: DUNK BOMB3 TOILET3
       98: DUNK BOMB2 TOILET2
       99: DUNK BOMB1 TOILET1
     

statistics:    0.00 seconds instantiating 10100 easy, 0 hard action templates
               0.00 seconds reachability analysis, yielding 600 facts and 10100 actions
               0.00 seconds creating final representation with 400 relevant facts (200 max U, 100 CNF max U)
               0.00 seconds building connectivity graph
               3.14 seconds (   3.14 pure) evaluating 5028 states, to a max depth of 1
               0.00 seconds in DP for 0 RPG ini state implication checks
               0.00 seconds in DP for 0 RPlan extract ini state implication checks (0 lits removed)
               0.54 seconds generating,    0.57 seconds encoding 201620 state transition base CNFs
               0.15 seconds in DP solving 171216 state transition CNFs
               0.00 seconds checking for self-contradictions, including 0 DP calls
               0.25 seconds checking for stagnating states (0 hits), including 0 DP calls
               0.12 seconds altogether checking for dominated states making 0 comparisons (0 conformant, 0 hits),
                    spending    0.00 seconds doing 0 DP calls
             171216 total DP calls, 171216 total UP calls,    0.00 sec membership
               8.37 seconds for remaining searching duties
              13.14 seconds total time (+    7.10 secs for CNF memory allocation)

初始目标状态
Fold:100 Uold:200
num_Orold:0
参数大于2的OR: 


当前反例添加的目标状态
Fcur:100 Ucur:200
num_Orcur:0
参数大于2的OR: 


counter_time:324.99
plan length:100
iteration:97
now_time:338.50264590499864
