                                  21            [1]
                                  20            [1]
                                  19            [1]
                                  18            [1]
                                  17            [1]
                                  16            [1]
                                  15            [1]
                                  14            [1]
                                  13            [1]
                                  12            [1]
                                  11            [1]
                                  10            [1]
                                   9            [1]
                                   8            [1]
                                   7            [1]
                                   6            [1]
                                   5            [1]
                                   4            [1]
                                   3            [1]
                                   2            [1]
                                   0            

ff: found legal plan as follows
规划长度：122

var_size: 22262

当前收集的断言数：7382

1
找到反例！


第33次迭代
当前初始状态:
F:27 U:66
num_Or:1771
参数大于2的OR: 
(AT N60) (AT N59) (AT N58) (AT N57) (AT N56) (AT N55) (AT N54) (AT N53) (AT N52) (AT N51) (AT N50) (AT N49) (AT N48) (AT N47) (AT N46) (AT N45) (AT N44) (AT N43) (AT N42) (AT N41) (AT N40) (AT N39) (AT N38) (AT N37) (AT N33) (AT N31) (AT N30) (AT N19) (AT N9) (AT N7) (AT N6) (AT N5) (AT N3) 
H:1981


Cueing down from goal distance: 1981 into depth [1]
                                1980            [1]
                                1979            [1]
                                1978            [1]
                                1977            [1]
                                1976            [1]
                                1975            [1]
                                1974            [1]
                                1973            [1]
                                1972            [1]
                                1971            [1]
                                1970            [1]
                                1969            [1]
                                1968            [1]
                                1967            [1]
                                1966            [1]
                                1965            [1]
                                1964            [1]
                                1963            [1]
                                1962            [1]
                                1961            [1]
                                1960            [1]
                                1959            [1]
                                1958            [1]
                                1957            [1]
                                1956            [1]
                                1955            [1]
                                1954            [1]
                                1953            [1]
                                1952            [1]
                                1951            [1]
                                1950            [1]
                                1949            [1]
                                1948            [1]
                                1889            [1]
                                1830            [1]
                                1771            [1]
                                1712            [1]
                                1653            [1]
                                1594            [1]
                                1535            [1]
                                1476            [1]
                                1417            [1]
                                1358            [1]
                                1299            [1]
                                1240            [1]
                                1181            [1]
                                1122            [1]
                                1063            [1]
                                1004            [1]
                                 945            [1]
                                 886            [1]
                                 827            [1]
                                 768            [1]
                                 709            [1]
                                 650            [1]
                                 591            [1]
                                 532            [1]
                                 473            [1]
                                 414            [1]
                                 355            [1]
                                 296            [1]
                                 237            [1]
                                 178            [1]
                                 119            [1]
                                  60            [1]
                                  59            [1]
                                  58            [1]
                                  57            [1]
                                  56            [1]
                                  55            [1]
                                  54            [1]
                                  53            [1]
                                  52            [1]
                                  51            [1]
                                  50            [1]
                                  49            [1]
                                  48            [1]
                                  47            [1]
                                  46            [1]
                                  45            [1]
                                  44            [1]
                                  43            [1]
                                  42            [1]
                                  41            [1]
                                  40            [1]
                                  39            [1]
                                  38            [1]
                                  37            [1]
                                  36            [1]
                                  35            [1]
                                  34            [1]
                                  33            [1]
                                  32            [1]
                                  31            [1]
                                  30            [1]
                                  29            [1]
                                  28            [1]
                                  27            [1]
                                  26            [1]
                                  25            [1]
                                  24            [1]
                                  23            [1]
                                  22            [1]
                                  21            [1]
                                  20            [1]
                                  19            [1]
                                  18            [1]
                                  17            [1]
                                  16            [1]
                                  15            [1]
                                  14            [1]
                                  13            [1]
                                  12            [1]
                                  11            [1]
                                  10            [1]
                                   9            [1]
                                   8            [1]
                                   7            [1]
                                   6            [1]
                                   5            [1]
                                   4            [1]
                                   3            [1]
                                   2            [1]
                                   0            

ff: found legal plan as follows
规划长度：124

var_size: 22624

当前收集的断言数：7502

1
找到反例！


第34次迭代
当前初始状态:
F:26 U:68
num_Or:1771
参数大于2的OR: 
(AT N60) (AT N59) (AT N58) (AT N57) (AT N56) (AT N55) (AT N54) (AT N53) (AT N52) (AT N51) (AT N50) (AT N49) (AT N48) (AT N47) (AT N46) (AT N45) (AT N44) (AT N43) (AT N42) (AT N41) (AT N40) (AT N39) (AT N38) (AT N37) (AT N33) (AT N31) (AT N30) (AT N21) (AT N19) (AT N9) (AT N7) (AT N6) (AT N5) (AT N3) 
H:2041


Cueing down from goal distance: 2041 into depth [1]
                                2040            [1]
                                2039            [1]
                                2038            [1]
                                2037            [1]
                                2036            [1]
                                2035            [1]
                                2034            [1]
                                2033            [1]
                                2032            [1]
                                2031            [1]
                                2030            [1]
                                2029            [1]
                                2028            [1]
                                2027            [1]
                                2026            [1]
                                2025            [1]
                                2024            [1]
                                2023            [1]
                                2022            [1]
                                2021            [1]
                                2020            [1]
                                2019            [1]
                                2018            [1]
                                2017            [1]
                                2016            [1]
                                2015            [1]
                                2014            [1]
                                2013            [1]
                                2012            [1]
                                2011            [1]
                                2010            [1]
                                2009            [1]
                                2008            [1]
                                2007            [1]
                                1948            [1]
                                1889            [1]
                                1830            [1]
                                1771            [1]
                                1712            [1]
                                1653            [1]
                                1594            [1]
                                1535            [1]
                                1476            [1]
                                1417            [1]
                                1358            [1]
                                1299            [1]
                                1240            [1]
                                1181            [1]
                                1122            [1]
                                1063            [1]
                                1004            [1]
                                 945            [1]
                                 886            [1]
                                 827            [1]
                                 768            [1]
                                 709            [1]
                                 650            [1]
                                 591            [1]
                                 532            [1]
                                 473            [1]
                                 414            [1]
                                 355            [1]
                                 296            [1]
                                 237            [1]
                                 178            [1]
                                 119            [1]
                                  60            [1]
                                  59            [1]
                                  58            [1]
                                  57            [1]
                                  56            [1]
                                  55            [1]
                                  54            [1]
                                  53            [1]
                                  52            [1]
                                  51            [1]
                                  50            [1]
                                  49            [1]
                                  48            [1]
                                  47            [1]
                                  46            [1]
                                  45            [1]
                                  44            [1]
                                  43            [1]
                                  42            [1]
                                  41            [1]
                                  40            [1]
                                  39            [1]
                                  38            [1]
                                  37            [1]
                                  36            [1]
                                  35            [1]
                                  34            [1]
                                  33            [1]
                                  32            [1]
                                  31            [1]
                                  30            [1]
                                  29            [1]
                                  28            [1]
                                  27            [1]
                                  26            [1]
                                  25            [1]
                                  24            [1]
                                  23            [1]
                                  22            [1]
                                  21            [1]
                                  20            [1]
                                  19            [1]
                                  18            [1]
                                  17            [1]
                                  16            [1]
                                  15            [1]
                                  14            [1]
                                  13            [1]
                                  12            [1]
                                  11            [1]
                                  10            [1]
                                   9            [1]
                                   8            [1]
                                   7            [1]
                                   6            [1]
                                   5            [1]
                                   4            [1]
                                   3            [1]
                                   2            [1]
                                   0            

ff: found legal plan as follows
规划长度：126

var_size: 22986

当前收集的断言数：7622

1
找到反例！


第35次迭代
当前初始状态:
F:25 U:70
num_Or:1771
参数大于2的OR: 
(AT N60) (AT N59) (AT N58) (AT N57) (AT N56) (AT N55) (AT N54) (AT N53) (AT N52) (AT N51) (AT N50) (AT N49) (AT N48) (AT N47) (AT N46) (AT N45) (AT N44) (AT N43) (AT N42) (AT N41) (AT N40) (AT N39) (AT N38) (AT N37) (AT N33) (AT N31) (AT N30) (AT N21) (AT N19) (AT N9) (AT N7) (AT N6) (AT N5) (AT N3) (AT N1) 
H:2101


Cueing down from goal distance: 2101 into depth [1]
                                2100            [1]
                                2099            [1]
                                2098            [1]
                                2097            [1]
                                2096            [1]
                                2095            [1]
                                2094            [1]
                                2093            [1]
                                2092            [1]
                                2091            [1]
                                2090            [1]
                                2089            [1]
                                2088            [1]
                                2087            [1]
                                2086            [1]
                                2085            [1]
                                2084            [1]
                                2083            [1]
                                2082            [1]
                                2081            [1]
                                2080            [1]
                                2079            [1]
                                2078            [1]
                                2077            [1]
                                2076            [1]
                                2075            [1]
                                2074            [1]
                                2073            [1]
                                2072            [1]
                                2071            [1]
                                2070            [1]
                                2069            [1]
                                2068            [1]
                                2067            [1]
                                2066            [1]
                                2007            [1]
                                1948            [1]
                                1889            [1]
                                1830            [1]
                                1771            [1]
                                1712            [1]
                                1653            [1]
                                1594            [1]
                                1535            [1]
                                1476            [1]
                                1417            [1]
                                1358            [1]
                                1299            [1]
                                1240            [1]
                                1181            [1]
                                1122            [1]
                                1063            [1]
                                1004            [1]
                                 945            [1]
                                 886            [1]
                                 827            [1]
                                 768            [1]
                                 709            [1]
                                 650            [1]
                                 591            [1]
                                 532            [1]
                                 473            [1]
                                 414            [1]
                                 355            [1]
                                 296            [1]
                                 237            [1]
                                 178            [1]
                                 119            [1]
                                  60            [1]
                                  59            [1]
                                  58            [1]
                                  57            [1]
                                  56            [1]
                                  55            [1]
                                  54            [1]
                                  53            [1]
                                  52            [1]
                                  51            [1]
                                  50            [1]
                                  49            [1]
                                  48            [1]
                                  47            [1]
                                  46            [1]
                                  45            [1]
                                  44            [1]
                                  43            [1]
                                  42            [1]
                                  41            [1]
                                  40            [1]
                                  39            [1]
                                  38            [1]
                                  37            [1]
                                  36            [1]
                                  35            [1]
                                  34            [1]
                                  33            [1]
                                  32            [1]
                                  31            [1]
                                  30            [1]
                                  29            [1]
                                  28            [1]
                                  27            [1]
                                  26            [1]
                                  25            [1]
                                  24            [1]
                                  23            [1]
                                  22            [1]
                                  21            [1]
                                  20            [1]
                                  19            [1]
                                  18            [1]
                                  17            [1]
                                  16            [1]
                                  15            [1]
                                  14            [1]
                                  13            [1]
                                  12            [1]
                                  11            [1]
                                  10            [1]
                                   9            [1]
                                   8            [1]
                                   7            [1]
                                   6            [1]
                                   5            [1]
                                   4            [1]
                                   3            [1]
                                   2            [1]
                                   0            

ff: found legal plan as follows
规划长度：128

var_size: 23348

当前收集的断言数：7742

1
找到反例！


第36次迭代
当前初始状态:
F:24 U:72
num_Or:1771
参数大于2的OR: 
(AT N60) (AT N59) (AT N58) (AT N57) (AT N56) (AT N55) (AT N54) (AT N53) (AT N52) (AT N51) (AT N50) (AT N49) (AT N48) (AT N47) (AT N46) (AT N45) (AT N44) (AT N43) (AT N42) (AT N41) (AT N40) (AT N39) (AT N38) (AT N37) (AT N36) (AT N33) (AT N31) (AT N30) (AT N21) (AT N19) (AT N9) (AT N7) (AT N6) (AT N5) (AT N3) (AT N1) 
H:2161


Cueing down from goal distance: 2161 into depth [1]
                                2160            [1]
                                2159            [1]
                                2158            [1]
                                2157            [1]
                                2156            [1]
                                2155            [1]
                                2154            [1]
                                2153            [1]
                                2152            [1]
                                2151            [1]
                                2150            [1]
                                2149            [1]
                                2148            [1]
                                2147            [1]
                                2146            [1]
                                2145            [1]
                                2144            [1]
                                2143            [1]
                                2142            [1]
                                2141            [1]
                                2140            [1]
                                2139            [1]
                                2138            [1]
                                2137            [1]
                                2136            [1]
                                2135            [1]
                                2134            [1]
                                2133            [1]
                                2132            [1]
                                2131            [1]
                                2130            [1]
                                2129            [1]
                                2128            [1]
                                2127            [1]
                                2126            [1]
                                2125            [1]
                                2066            [1]
                                2007            [1]
                                1948            [1]
                                1889            [1]
                                1830            [1]
                                1771            [1]
                                1712            [1]
                                1653            [1]
                                1594            [1]
                                1535            [1]
                                1476            [1]
                                1417            [1]
                                1358            [1]
                                1299            [1]
                                1240            [1]
                                1181            [1]
                                1122            [1]
                                1063            [1]
                                1004            [1]
                                 945            [1]
                                 886            [1]
                                 827            [1]
                                 768            [1]
                                 709            [1]
                                 650            [1]
                                 591            [1]
                                 532            [1]
                                 473            [1]
                                 414            [1]
                                 355            [1]
                                 296            [1]
                                 237            [1]
                                 178            [1]
                                 119            [1]
                                  60            [1]
                                  59            [1]
                                  58            [1]
                                  57            [1]
                                  56            [1]
                                  55            [1]
                                  54            [1]
                                  53            [1]
                                  52            [1]
                                  51            [1]
                                  50            [1]
                                  49            [1]
                                  48            [1]
                                  47            [1]
                                  46            [1]
                                  45            [1]
                                  44            [1]
                                  43            [1]
                                  42            [1]
                                  41            [1]
                                  40            [1]
                                  39            [1]
                                  38            [1]
                                  37            [1]
                                  36            [1]
                                  35            [1]
                                  34            [1]
                                  33            [1]
                                  32            [1]
                                  31            [1]
                                  30            [1]
                                  29            [1]
                                  28            [1]
                                  27            [1]
                                  26            [1]
                                  25            [1]
                                  24            [1]
                                  23            [1]
                                  22            [1]
                                  21            [1]
                                  20            [1]
                                  19            [1]
                                  18            [1]
                                  17            [1]
                                  16            [1]
                                  15            [1]
                                  14            [1]
                                  13            [1]
                                  12            [1]
                                  11            [1]
                                  10            [1]
                                   9            [1]
                                   8            [1]
                                   7            [1]
                                   6            [1]
                                   5            [1]
                                   4            [1]
                                   3            [1]
                                   2            [1]
                                   0            

ff: found legal plan as follows
规划长度：130

var_size: 23710

当前收集的断言数：7862

1
找到反例！


第37次迭代
当前初始状态:
F:23 U:74
num_Or:1771
参数大于2的OR: 
(AT N60) (AT N59) (AT N58) (AT N57) (AT N56) (AT N55) (AT N54) (AT N53) (AT N52) (AT N51) (AT N50) (AT N49) (AT N48) (AT N47) (AT N46) (AT N45) (AT N44) (AT N43) (AT N42) (AT N41) (AT N40) (AT N39) (AT N38) (AT N37) (AT N36) (AT N35) (AT N33) (AT N31) (AT N30) (AT N21) (AT N19) (AT N9) (AT N7) (AT N6) (AT N5) (AT N3) (AT N1) 
H:2221


Cueing down from goal distance: 2221 into depth [1]
                                2220            [1]
                                2219            [1]
                                2218            [1]
                                2217            [1]
                                2216            [1]
                                2215            [1]
                                2214            [1]
                                2213            [1]
                                2212            [1]
                                2211            [1]
                                2210            [1]
                                2209            [1]
                                2208            [1]
                                2207            [1]
                                2206            [1]
                                2205            [1]
                                2204            [1]
                                2203            [1]
                                2202            [1]
                                2201            [1]
                                2200            [1]
                                2199            [1]
                                2198            [1]
                                2197            [1]
                                2196            [1]
                                2195            [1]
                                2194            [1]
                                2193            [1]
                                2192            [1]
                                2191            [1]
                                2190            [1]
                                2189            [1]
                                2188            [1]
                                2187            [1]
                                2186            [1]
                                2185            [1]
                                2184            [1]
                                2125            [1]
                                2066            [1]
                                2007            [1]
                                1948            [1]
                                1889            [1]
                                1830            [1]
                                1771            [1]
                                1712            [1]
                                1653            [1]
                                1594            [1]
                                1535            [1]
                                1476            [1]
                                1417            [1]
                                1358            [1]
                                1299            [1]
                                1240            [1]
                                1181            [1]
                                1122            [1]
                                1063            [1]
                                1004            [1]
                                 945            [1]
                                 886            [1]
                                 827            [1]
                                 768            [1]
                                 709            [1]
                                 650            [1]
                                 591            [1]
                                 532            [1]
                                 473            [1]
                                 414            [1]
                                 355            [1]
                                 296            [1]
                                 237            [1]
                                 178            [1]
                                 119            [1]
                                  60            [1]
                                  59            [1]
                                  58            [1]
                                  57            [1]
                                  56            [1]
                                  55            [1]
                                  54            [1]
                                  53            [1]
                                  52            [1]
                                  51            [1]
                                  50            [1]
                                  49            [1]
                                  48            [1]
                                  47            [1]
                                  46            [1]
                                  45            [1]
                                  44            [1]
                                  43            [1]
                                  42            [1]
                                  41            [1]
                                  40            [1]
                                  39            [1]
                                  38            [1]
                                  37            [1]
                                  36            [1]
                                  35            [1]
                                  34            [1]
                                  33            [1]
                                  32            [1]
                                  31            [1]
                                  30            [1]
                                  29            [1]
                                  28            [1]
                                  27            [1]
                                  26            [1]
                                  25            [1]
                                  24            [1]
                                  23            [1]
                                  22            [1]
                                  21            [1]
                                  20            [1]
                                  19            [1]
                                  18            [1]
                                  17            [1]
                                  16            [1]
                                  15            [1]
                                  14            [1]
                                  13            [1]
                                  12            [1]
                                  11            [1]
                                  10            [1]
                                   9            [1]
                                   8            [1]
                                   7            [1]
                                   6            [1]
                                   5            [1]
                                   4            [1]
                                   3            [1]
                                   2            [1]
                                   0            

ff: found legal plan as follows
规划长度：132

var_size: 24072

当前收集的断言数：7982

1
找到反例！


第38次迭代
当前初始状态:
F:22 U:76
num_Or:1771
参数大于2的OR: 
(AT N60) (AT N59) (AT N58) (AT N57) (AT N56) (AT N55) (AT N54) (AT N53) (AT N52) (AT N51) (AT N50) (AT N49) (AT N48) (AT N47) (AT N46) (AT N45) (AT N44) (AT N43) (AT N42) (AT N41) (AT N40) (AT N39) (AT N38) (AT N37) (AT N36) (AT N35) (AT N33) (AT N31) (AT N30) (AT N21) (AT N19) (AT N9) (AT N8) (AT N7) (AT N6) (AT N5) (AT N3) (AT N1) 
H:2281


Cueing down from goal distance: 2281 into depth [1]
                                2280            [1]
                                2279            [1]
                                2278            [1]
                                2277            [1]
                                2276            [1]
                                2275            [1]
                                2274            [1]
                                2273            [1]
                                2272            [1]
                                2271            [1]
                                2270            [1]
                                2269            [1]
                                2268            [1]
                                2267            [1]
                                2266            [1]
                                2265            [1]
                                2264            [1]
                                2263            [1]
                                2262            [1]
                                2261            [1]
                                2260            [1]
                                2259            [1]
                                2258            [1]
                                2257            [1]
                                2256            [1]
                                2255            [1]
                                2254            [1]
                                2253            [1]
                                2252            [1]
                                2251            [1]
                                2250            [1]
                                2249            [1]
                                2248            [1]
                                2247            [1]
                                2246            [1]
                                2245            [1]
                                2244            [1]
                                2243            [1]
                                2184            [1]
                                2125            [1]
                                2066            [1]
                                2007            [1]
                                1948            [1]
                                1889            [1]
                                1830            [1]
                                1771            [1]
                                1712            [1]
                                1653            [1]
                                1594            [1]
                                1535            [1]
                                1476            [1]
                                1417            [1]
                                1358            [1]
                                1299            [1]
                                1240            [1]
                                1181            [1]
                                1122            [1]
                                1063            [1]
                                1004            [1]
                                 945            [1]
                                 886            [1]
                                 827            [1]
                                 768            [1]
                                 709            [1]
                                 650            [1]
                                 591            [1]
                                 532            [1]
                                 473            [1]
                                 414            [1]
                                 355            [1]
                                 296            [1]
                                 237            [1]
                                 178            [1]
                                 119            [1]
                                  60            [1]
                                  59            [1]
                                  58            [1]
                                  57            [1]
                                  56            [1]
                                  55            [1]
                                  54            [1]
                                  53            [1]
                                  52            [1]
                                  51            [1]
                                  50            [1]
                                  49            [1]
                                  48            [1]
                                  47            [1]
                                  46            [1]
                                  45            [1]
                                  44            [1]
                                  43            [1]
                                  42            [1]
                                  41            [1]
                                  40            [1]
                                  39            [1]
                                  38            [1]
                                  37            [1]
                                  36            [1]
                                  35            [1]
                                  34            [1]
                                  33            [1]
                                  32            [1]
                                  31            [1]
                                  30            [1]
                                  29            [1]
                                  28            [1]
                                  27            [1]
                                  26            [1]
                                  25            [1]
                                  24            [1]
                                  23            [1]
                                  22            [1]
                                  21            [1]
                                  20            [1]
                                  19            [1]
                                  18            [1]
                                  17            [1]
                                  16            [1]
                                  15            [1]
                                  14            [1]
                                  13            [1]
                                  12            [1]
                                  11            [1]
                                  10            [1]
                                   9            [1]
                                   8            [1]
                                   7            [1]
                                   6            [1]
                                   5            [1]
                                   4            [1]
                                   3            [1]
                                   2            [1]
                                   0            

ff: found legal plan as follows
规划长度：134

var_size: 24434

当前收集的断言数：8102

1
找到反例！


第39次迭代
当前初始状态:
F:21 U:78
num_Or:1771
参数大于2的OR: 
(AT N60) (AT N59) (AT N58) (AT N57) (AT N56) (AT N55) (AT N54) (AT N53) (AT N52) (AT N51) (AT N50) (AT N49) (AT N48) (AT N47) (AT N46) (AT N45) (AT N44) (AT N43) (AT N42) (AT N41) (AT N40) (AT N39) (AT N38) (AT N37) (AT N36) (AT N35) (AT N34) (AT N33) (AT N31) (AT N30) (AT N21) (AT N19) (AT N9) (AT N8) (AT N7) (AT N6) (AT N5) (AT N3) (AT N1) 
H:2341


Cueing down from goal distance: 2341 into depth [1]
                                2340            [1]
                                2339            [1]
                                2338            [1]
                                2337            [1]
                                2336            [1]
                                2335            [1]
                                2334            [1]
                                2333            [1]
                                2332            [1]
                                2331            [1]
                                2330            [1]
                                2329            [1]
                                2328            [1]
                                2327            [1]
                                2326            [1]
                                2325            [1]
                                2324            [1]
                                2323            [1]
                                2322            [1]
                                2321            [1]
                                2320            [1]
                                2319            [1]
                                2318            [1]
                                2317            [1]
                                2316            [1]
                                2315            [1]
                                2314            [1]
                                2313            [1]
                                2312            [1]
                                2311            [1]
                                2310            [1]
                                2309            [1]
                                2308            [1]
                                2307            [1]
                                2306            [1]
                                2305            [1]
                                2304            [1]
                                2303            [1]
                                2302            [1]
                                2243            [1]
                                2184            [1]
                                2125            [1]
                                2066            [1]
                                2007            [1]
                                1948            [1]
                                1889            [1]
                                1830            [1]
                                1771            [1]
                                1712            [1]
                                1653            TimeOut
now_time:3600.062264332024
