                                2297            [1]
                                2296            [1]
                                2295            [1]
                                2294            [1]
                                2293            [1]
                                2292            [1]
                                2291            [1]
                                2290            [1]
                                2289            [1]
                                2288            [1]
                                2287            [1]
                                2286            [1]
                                2285            [1]
                                2284            [1]
                                2283            [1]
                                2282            [1]
                                2281            [1]
                                2280            [1]
                                2279            [1]
                                2278            [1]
                                2209            [1]
                                2140            [1]
                                2071            [1]
                                2002            [1]
                                1933            [1]
                                1864            [1]
                                1795            [1]
                                1726            [1]
                                1657            [1]
                                1588            [1]
                                1519            [1]
                                1450            [1]
                                1381            [1]
                                1312            [1]
                                1243            [1]
                                1174            [1]
                                1105            [1]
                                1036            [1]
                                 967            [1]
                                 898            [1]
                                 829            [1]
                                 760            [1]
                                 691            [1]
                                 622            [1]
                                 553            [1]
                                 484            [1]
                                 415            [1]
                                 346            [1]
                                 277            [1]
                                 208            [1]
                                 139            [1]
                                  70            [1]
                                  69            [1]
                                  68            [1]
                                  67            [1]
                                  66            [1]
                                  65            [1]
                                  64            [1]
                                  63            [1]
                                  62            [1]
                                  61            [1]
                                  60            [1]
                                  59            [1]
                                  58            [1]
                                  57            [1]
                                  56            [1]
                                  55            [1]
                                  54            [1]
                                  53            [1]
                                  52            [1]
                                  51            [1]
                                  50            [1]
                                  49            [1]
                                  48            [1]
                                  47            [1]
                                  46            [1]
                                  45            [1]
                                  44            [1]
                                  43            [1]
                                  42            [1]
                                  41            [1]
                                  40            [1]
                                  39            [1]
                                  38            [1]
                                  37            [1]
                                  36            [1]
                                  35            [1]
                                  34            [1]
                                  33            [1]
                                  32            [1]
                                  31            [1]
                                  30            [1]
                                  29            [1]
                                  28            [1]
                                  27            [1]
                                  26            [1]
                                  25            [1]
                                  24            [1]
                                  23            [1]
                                  22            [1]
                                  21            [1]
                                  20            [1]
                                  19            [1]
                                  18            [1]
                                  17            [1]
                                  16            [1]
                                  15            [1]
                                  14            [1]
                                  13            [1]
                                  12            [1]
                                  11            [1]
                                  10            [1]
                                   9            [1]
                                   8            [1]
                                   7            [1]
                                   6            [1]
                                   5            [1]
                                   4            [1]
                                   3            [1]
                                   2            [1]
                                   0            

ff: found legal plan as follows
规划长度：134

var_size: 28484

当前收集的断言数：9452

1
找到反例！


第34次迭代
当前初始状态:
F:36 U:68
num_Or:2416
参数大于2的OR: 
(AT N70) (AT N69) (AT N68) (AT N67) (AT N66) (AT N65) (AT N64) (AT N63) (AT N62) (AT N61) (AT N60) (AT N59) (AT N58) (AT N57) (AT N56) (AT N55) (AT N54) (AT N53) (AT N52) (AT N51) (AT N50) (AT N49) (AT N48) (AT N47) (AT N46) (AT N45) (AT N42) (AT N41) (AT N40) (AT N36) (AT N34) (AT N23) (AT N20) (AT N2) 
H:2381


Cueing down from goal distance: 2381 into depth [1]
                                2380            [1]
                                2379            [1]
                                2378            [1]
                                2377            [1]
                                2376            [1]
                                2375            [1]
                                2374            [1]
                                2373            [1]
                                2372            [1]
                                2371            [1]
                                2370            [1]
                                2369            [1]
                                2368            [1]
                                2367            [1]
                                2366            [1]
                                2365            [1]
                                2364            [1]
                                2363            [1]
                                2362            [1]
                                2361            [1]
                                2360            [1]
                                2359            [1]
                                2358            [1]
                                2357            [1]
                                2356            [1]
                                2355            [1]
                                2354            [1]
                                2353            [1]
                                2352            [1]
                                2351            [1]
                                2350            [1]
                                2349            [1]
                                2348            [1]
                                2347            [1]
                                2278            [1]
                                2209            [1]
                                2140            [1]
                                2071            [1]
                                2002            [1]
                                1933            [1]
                                1864            [1]
                                1795            [1]
                                1726            [1]
                                1657            [1]
                                1588            [1]
                                1519            [1]
                                1450            [1]
                                1381            [1]
                                1312            [1]
                                1243            [1]
                                1174            [1]
                                1105            [1]
                                1036            [1]
                                 967            [1]
                                 898            [1]
                                 829            [1]
                                 760            [1]
                                 691            [1]
                                 622            [1]
                                 553            [1]
                                 484            [1]
                                 415            [1]
                                 346            [1]
                                 277            [1]
                                 208            [1]
                                 139            [1]
                                  70            [1]
                                  69            [1]
                                  68            [1]
                                  67            [1]
                                  66            [1]
                                  65            [1]
                                  64            [1]
                                  63            [1]
                                  62            [1]
                                  61            [1]
                                  60            [1]
                                  59            [1]
                                  58            [1]
                                  57            [1]
                                  56            [1]
                                  55            [1]
                                  54            [1]
                                  53            [1]
                                  52            [1]
                                  51            [1]
                                  50            [1]
                                  49            [1]
                                  48            [1]
                                  47            [1]
                                  46            [1]
                                  45            [1]
                                  44            [1]
                                  43            [1]
                                  42            [1]
                                  41            [1]
                                  40            [1]
                                  39            [1]
                                  38            [1]
                                  37            [1]
                                  36            [1]
                                  35            [1]
                                  34            [1]
                                  33            [1]
                                  32            [1]
                                  31            [1]
                                  30            [1]
                                  29            [1]
                                  28            [1]
                                  27            [1]
                                  26            [1]
                                  25            [1]
                                  24            [1]
                                  23            [1]
                                  22            [1]
                                  21            [1]
                                  20            [1]
                                  19            [1]
                                  18            [1]
                                  17            [1]
                                  16            [1]
                                  15            [1]
                                  14            [1]
                                  13            [1]
                                  12            [1]
                                  11            [1]
                                  10            [1]
                                   9            [1]
                                   8            [1]
                                   7            [1]
                                   6            [1]
                                   5            [1]
                                   4            [1]
                                   3            [1]
                                   2            [1]
                                   0            

ff: found legal plan as follows
规划长度：136

var_size: 28906

当前收集的断言数：9592

1
找到反例！


第35次迭代
当前初始状态:
F:35 U:70
num_Or:2416
参数大于2的OR: 
(AT N70) (AT N69) (AT N68) (AT N67) (AT N66) (AT N65) (AT N64) (AT N63) (AT N62) (AT N61) (AT N60) (AT N59) (AT N58) (AT N57) (AT N56) (AT N55) (AT N54) (AT N53) (AT N52) (AT N51) (AT N50) (AT N49) (AT N48) (AT N47) (AT N46) (AT N45) (AT N42) (AT N41) (AT N40) (AT N36) (AT N34) (AT N23) (AT N20) (AT N18) (AT N2) 
H:2451


Cueing down from goal distance: 2451 into depth [1]
                                2450            [1]
                                2449            [1]
                                2448            [1]
                                2447            [1]
                                2446            [1]
                                2445            [1]
                                2444            [1]
                                2443            [1]
                                2442            [1]
                                2441            [1]
                                2440            [1]
                                2439            [1]
                                2438            [1]
                                2437            [1]
                                2436            [1]
                                2435            [1]
                                2434            [1]
                                2433            [1]
                                2432            [1]
                                2431            [1]
                                2430            [1]
                                2429            [1]
                                2428            [1]
                                2427            [1]
                                2426            [1]
                                2425            [1]
                                2424            [1]
                                2423            [1]
                                2422            [1]
                                2421            [1]
                                2420            [1]
                                2419            [1]
                                2418            [1]
                                2417            [1]
                                2416            [1]
                                2347            [1]
                                2278            [1]
                                2209            [1]
                                2140            [1]
                                2071            [1]
                                2002            [1]
                                1933            [1]
                                1864            [1]
                                1795            [1]
                                1726            [1]
                                1657            [1]
                                1588            [1]
                                1519            [1]
                                1450            [1]
                                1381            [1]
                                1312            [1]
                                1243            [1]
                                1174            [1]
                                1105            [1]
                                1036            [1]
                                 967            [1]
                                 898            [1]
                                 829            [1]
                                 760            [1]
                                 691            [1]
                                 622            [1]
                                 553            [1]
                                 484            [1]
                                 415            [1]
                                 346            [1]
                                 277            [1]
                                 208            [1]
                                 139            [1]
                                  70            [1]
                                  69            [1]
                                  68            [1]
                                  67            [1]
                                  66            [1]
                                  65            [1]
                                  64            [1]
                                  63            [1]
                                  62            [1]
                                  61            [1]
                                  60            [1]
                                  59            [1]
                                  58            [1]
                                  57            [1]
                                  56            [1]
                                  55            [1]
                                  54            [1]
                                  53            [1]
                                  52            [1]
                                  51            [1]
                                  50            [1]
                                  49            [1]
                                  48            [1]
                                  47            [1]
                                  46            [1]
                                  45            [1]
                                  44            [1]
                                  43            [1]
                                  42            [1]
                                  41            [1]
                                  40            [1]
                                  39            [1]
                                  38            [1]
                                  37            [1]
                                  36            [1]
                                  35            [1]
                                  34            [1]
                                  33            [1]
                                  32            [1]
                                  31            [1]
                                  30            [1]
                                  29            [1]
                                  28            [1]
                                  27            [1]
                                  26            [1]
                                  25            [1]
                                  24            [1]
                                  23            [1]
                                  22            [1]
                                  21            [1]
                                  20            [1]
                                  19            [1]
                                  18            [1]
                                  17            [1]
                                  16            [1]
                                  15            [1]
                                  14            [1]
                                  13            [1]
                                  12            [1]
                                  11            [1]
                                  10            [1]
                                   9            [1]
                                   8            [1]
                                   7            [1]
                                   6            [1]
                                   5            [1]
                                   4            [1]
                                   3            [1]
                                   2            [1]
                                   0            

ff: found legal plan as follows
规划长度：138

var_size: 29328

当前收集的断言数：9732

1
找到反例！


第36次迭代
当前初始状态:
F:34 U:72
num_Or:2416
参数大于2的OR: 
(AT N70) (AT N69) (AT N68) (AT N67) (AT N66) (AT N65) (AT N64) (AT N63) (AT N62) (AT N61) (AT N60) (AT N59) (AT N58) (AT N57) (AT N56) (AT N55) (AT N54) (AT N53) (AT N52) (AT N51) (AT N50) (AT N49) (AT N48) (AT N47) (AT N46) (AT N45) (AT N42) (AT N41) (AT N40) (AT N36) (AT N34) (AT N23) (AT N20) (AT N18) (AT N7) (AT N2) 
H:2521


Cueing down from goal distance: 2521 into depth [1]
                                2520            [1]
                                2519            [1]
                                2518            [1]
                                2517            [1]
                                2516            [1]
                                2515            [1]
                                2514            [1]
                                2513            [1]
                                2512            [1]
                                2511            [1]
                                2510            [1]
                                2509            [1]
                                2508            [1]
                                2507            [1]
                                2506            [1]
                                2505            [1]
                                2504            [1]
                                2503            [1]
                                2502            [1]
                                2501            [1]
                                2500            [1]
                                2499            [1]
                                2498            [1]
                                2497            [1]
                                2496            [1]
                                2495            [1]
                                2494            [1]
                                2493            [1]
                                2492            [1]
                                2491            [1]
                                2490            [1]
                                2489            [1]
                                2488            [1]
                                2487            [1]
                                2486            [1]
                                2485            [1]
                                2416            [1]
                                2347            [1]
                                2278            [1]
                                2209            [1]
                                2140            [1]
                                2071            [1]
                                2002            [1]
                                1933            [1]
                                1864            [1]
                                1795            [1]
                                1726            [1]
                                1657            [1]
                                1588            [1]
                                1519            [1]
                                1450            [1]
                                1381            [1]
                                1312            [1]
                                1243            [1]
                                1174            [1]
                                1105            [1]
                                1036            [1]
                                 967            [1]
                                 898            [1]
                                 829            [1]
                                 760            [1]
                                 691            [1]
                                 622            [1]
                                 553            [1]
                                 484            [1]
                                 415            [1]
                                 346            [1]
                                 277            [1]
                                 208            [1]
                                 139            [1]
                                  70            [1]
                                  69            [1]
                                  68            [1]
                                  67            [1]
                                  66            [1]
                                  65            [1]
                                  64            [1]
                                  63            [1]
                                  62            [1]
                                  61            [1]
                                  60            [1]
                                  59            [1]
                                  58            [1]
                                  57            [1]
                                  56            [1]
                                  55            [1]
                                  54            [1]
                                  53            [1]
                                  52            [1]
                                  51            [1]
                                  50            [1]
                                  49            [1]
                                  48            [1]
                                  47            [1]
                                  46            [1]
                                  45            [1]
                                  44            [1]
                                  43            [1]
                                  42            [1]
                                  41            [1]
                                  40            [1]
                                  39            [1]
                                  38            [1]
                                  37            [1]
                                  36            [1]
                                  35            [1]
                                  34            [1]
                                  33            [1]
                                  32            [1]
                                  31            [1]
                                  30            [1]
                                  29            [1]
                                  28            [1]
                                  27            [1]
                                  26            [1]
                                  25            [1]
                                  24            [1]
                                  23            [1]
                                  22            [1]
                                  21            [1]
                                  20            [1]
                                  19            [1]
                                  18            [1]
                                  17            [1]
                                  16            [1]
                                  15            [1]
                                  14            [1]
                                  13            [1]
                                  12            [1]
                                  11            [1]
                                  10            [1]
                                   9            [1]
                                   8            [1]
                                   7            [1]
                                   6            [1]
                                   5            [1]
                                   4            [1]
                                   3            [1]
                                   2            [1]
                                   0            

ff: found legal plan as follows
规划长度：140

var_size: 29750

当前收集的断言数：9872

1
找到反例！


第37次迭代
当前初始状态:
F:33 U:74
num_Or:2416
参数大于2的OR: 
(AT N70) (AT N69) (AT N68) (AT N67) (AT N66) (AT N65) (AT N64) (AT N63) (AT N62) (AT N61) (AT N60) (AT N59) (AT N58) (AT N57) (AT N56) (AT N55) (AT N54) (AT N53) (AT N52) (AT N51) (AT N50) (AT N49) (AT N48) (AT N47) (AT N46) (AT N45) (AT N42) (AT N41) (AT N40) (AT N36) (AT N34) (AT N23) (AT N20) (AT N18) (AT N15) (AT N7) (AT N2) 
H:2591


Cueing down from goal distance: 2591 into depth [1]
                                2590            [1]
                                2589            [1]
                                2588            [1]
                                2587            [1]
                                2586            [1]
                                2585            [1]
                                2584            [1]
                                2583            [1]
                                2582            [1]
                                2581            [1]
                                2580            [1]
                                2579            [1]
                                2578            [1]
                                2577            [1]
                                2576            [1]
                                2575            [1]
                                2574            [1]
                                2573            [1]
                                2572            [1]
                                2571            [1]
                                2570            [1]
                                2569            [1]
                                2568            [1]
                                2567            [1]
                                2566            [1]
                                2565            [1]
                                2564            [1]
                                2563            [1]
                                2562            [1]
                                2561            [1]
                                2560            [1]
                                2559            [1]
                                2558            [1]
                                2557            [1]
                                2556            [1]
                                2555            [1]
                                2554            [1]
                                2485            [1]
                                2416            [1]
                                2347            [1]
                                2278            [1]
                                2209            [1]
                                2140            [1]
                                2071            [1]
                                2002            [1]
                                1933            [1]
                                1864            [1]
                                1795            [1]
                                1726            [1]
                                1657            [1]
                                1588            [1]
                                1519            [1]
                                1450            [1]
                                1381            [1]
                                1312            [1]
                                1243            [1]
                                1174            [1]
                                1105            [1]
                                1036            [1]
                                 967            [1]
                                 898            [1]
                                 829            [1]
                                 760            [1]
                                 691            [1]
                                 622            [1]
                                 553            [1]
                                 484            [1]
                                 415            [1]
                                 346            [1]
                                 277            [1]
                                 208            [1]
                                 139            [1]
                                  70            [1]
                                  69            [1]
                                  68            [1]
                                  67            [1]
                                  66            [1]
                                  65            [1]
                                  64            [1]
                                  63            [1]
                                  62            [1]
                                  61            [1]
                                  60            [1]
                                  59            [1]
                                  58            [1]
                                  57            [1]
                                  56            [1]
                                  55            [1]
                                  54            [1]
                                  53            [1]
                                  52            [1]
                                  51            [1]
                                  50            [1]
                                  49            [1]
                                  48            [1]
                                  47            [1]
                                  46            [1]
                                  45            [1]
                                  44            [1]
                                  43            [1]
                                  42            [1]
                                  41            [1]
                                  40            [1]
                                  39            [1]
                                  38            [1]
                                  37            [1]
                                  36            [1]
                                  35            [1]
                                  34            [1]
                                  33            [1]
                                  32            [1]
                                  31            [1]
                                  30            [1]
                                  29            [1]
                                  28            [1]
                                  27            [1]
                                  26            [1]
                                  25            [1]
                                  24            [1]
                                  23            [1]
                                  22            [1]
                                  21            [1]
                                  20            [1]
                                  19            [1]
                                  18            [1]
                                  17            [1]
                                  16            [1]
                                  15            [1]
                                  14            [1]
                                  13            [1]
                                  12            [1]
                                  11            [1]
                                  10            [1]
                                   9            [1]
                                   8            [1]
                                   7            [1]
                                   6            [1]
                                   5            [1]
                                   4            [1]
                                   3            [1]
                                   2            [1]
                                   0            

ff: found legal plan as follows
规划长度：142

var_size: 30172

当前收集的断言数：10012

1
找到反例！


第38次迭代
当前初始状态:
F:32 U:76
num_Or:2416
参数大于2的OR: 
(AT N70) (AT N69) (AT N68) (AT N67) (AT N66) (AT N65) (AT N64) (AT N63) (AT N62) (AT N61) (AT N60) (AT N59) (AT N58) (AT N57) (AT N56) (AT N55) (AT N54) (AT N53) (AT N52) (AT N51) (AT N50) (AT N49) (AT N48) (AT N47) (AT N46) (AT N45) (AT N44) (AT N42) (AT N41) (AT N40) (AT N36) (AT N34) (AT N23) (AT N20) (AT N18) (AT N15) (AT N7) (AT N2) 
H:2661


Cueing down from goal distance: 2661 into depth [1]
                                2660            [1]
                                2659            [1]
                                2658            [1]
                                2657            [1]
                                2656            [1]
                                2655            [1]
                                2654            [1]
                                2653            [1]
                                2652            [1]
                                2651            [1]
                                2650            [1]
                                2649            [1]
                                2648            [1]
                                2647            [1]
                                2646            [1]
                                2645            [1]
                                2644            [1]
                                2643            [1]
                                2642            [1]
                                2641            [1]
                                2640            [1]
                                2639            [1]
                                2638            [1]
                                2637            [1]
                                2636            [1]
                                2635            [1]
                                2634            [1]
                                2633            [1]
                                2632            [1]
                                2631            [1]
                                2630            [1]
                                2629            [1]
                                2628            [1]
                                2627            [1]
                                2626            [1]
                                2625            [1]
                                2624            [1]
                                2623            [1]
                                2554            [1]
                                2485            [1]
                                2416            [1]
                                2347            [1]
                                2278            [1]
                                2209            [1]
                                2140            [1]
                                2071            [1]
                                2002            [1]
                                1933            [1]
                                1864            [1]
                                1795            [1]
                                1726            [1]
                                1657            [1]
                                1588            [1]
                                1519            [1]
                                1450            [1]
                                1381            [1]
                                1312            [1]
                                1243            [1]
                                1174            [1]
                                1105            [1]
                                1036            [1]
                                 967            [1]
                                 898            [1]
                                 829            [1]
                                 760            [1]
                                 691            [1]
                                 622            [1]
                                 553            [1]
                                 484            [1]
                                 415            [1]
                                 346            [1]
                                 277            [1]
                                 208            [1]
                                 139            [1]
                                  70            [1]
                                  69            [1]
                                  68            [1]
                                  67            [1]
                                  66            [1]
                                  65            [1]
                                  64            [1]
                                  63            [1]
                                  62            [1]
                                  61            [1]
                                  60            [1]
                                  59            [1]
                                  58            [1]
                                  57            [1]
                                  56            [1]
                                  55            [1]
                                  54            [1]
                                  53            [1]
                                  52            [1]
                                  51            [1]
                                  50            [1]
                                  49            [1]
                                  48            [1]
                                  47            [1]
                                  46            [1]
                                  45            [1]
                                  44            [1]
                                  43            [1]
                                  42            [1]
                                  41            [1]
                                  40            [1]
                                  39            [1]
                                  38            [1]
                                  37            [1]
                                  36            [1]
                                  35            [1]
                                  34            [1]
                                  33            [1]
                                  32            [1]
                                  31            [1]
                                  30            [1]
                                  29            [1]
                                  28            [1]
                                  27            [1]
                                  26            [1]
                                  25            [1]
                                  24            [1]
                                  23            [1]
                                  22            [1]
                                  21            [1]
                                  20            [1]
                                  19            [1]
                                  18            [1]
                                  17            [1]
                                  16            [1]
                                  15            [1]
                                  14            [1]
                                  13            [1]
                                  12            [1]
                                  11            [1]
                                  10            [1]
                                   9            [1]
                                   8            [1]
                                   7            [1]
                                   6            [1]
                                   5            [1]
                                   4            [1]
                                   3            [1]
                                   2            [1]
                                   0            

ff: found legal plan as follows
规划长度：144

var_size: 30594

当前收集的断言数：10152

1
找到反例！


第39次迭代
当前初始状态:
F:31 U:78
num_Or:2416
参数大于2的OR: 
(AT N70) (AT N69) (AT N68) (AT N67) (AT N66) (AT N65) (AT N64) (AT N63) (AT N62) (AT N61) (AT N60) (AT N59) (AT N58) (AT N57) (AT N56) (AT N55) (AT N54) (AT N53) (AT N52) (AT N51) (AT N50) (AT N49) (AT N48) (AT N47) (AT N46) (AT N45) (AT N44) (AT N43) (AT N42) (AT N41) (AT N40) (AT N36) (AT N34) (AT N23) (AT N20) (AT N18) (AT N15) (AT N7) (AT N2) 
H:2731


Cueing down from goal distance: 2731 into depth [1]
                                2730            [1]
                                2729            [1]
                                2728            [1]
                                2727            [1]
                                2726            [1]
                                2725            [1]
                                2724            [1]
                                2723            [1]
                                2722            [1]
                                2721            [1]
                                2720            [1]
                                2719            [1]
                                2718            [1]
                                2717            [1]
                                2716            [1]
                                2715            [1]
                                2714            [1]
                                2713            [1]
                                2712            [1]
                                2711            [1]
                                2710            [1]
                                2709            [1]
                                2708            [1]
                                2707            [1]
                                2706            [1]
                                2705            [1]
                                2704            [1]
                                2703            [1]
                                2702            [1]
                                2701            [1]
                                2700            [1]
                                2699            [1]
                                2698            [1]
                                2697            [1]
                                2696            [1]
                                2695            [1]
                                2694            [1]
                                2693            [1]
                                2692            [1]
                                2623            [1]
                                2554            [1]
                                2485            [1]
                                2416            [1]
                                2347            [1]
                                2278            [1]
                                2209            TimeOut
now_time:3600.0719950789935
