                                  70            [1]
                                  69            [1]
                                  68            [1]
                                  67            [1]
                                  66            [1]
                                  65            [1]
                                  64            [1]
                                  63            [1]
                                  62            [1]
                                  61            [1]
                                  60            [1]
                                  59            [1]
                                  58            [1]
                                  57            [1]
                                  56            [1]
                                  55            [1]
                                  54            [1]
                                  53            [1]
                                  52            [1]
                                  51            [1]
                                  50            [1]
                                  49            [1]
                                  48            [1]
                                  47            [1]
                                  46            [1]
                                  45            [1]
                                  44            [1]
                                  43            [1]
                                  42            [1]
                                  41            [1]
                                  40            [1]
                                  39            [1]
                                  38            [1]
                                  37            [1]
                                  36            [1]
                                  35            [1]
                                  34            [1]
                                  33            [1]
                                  32            [1]
                                  31            [1]
                                  30            [1]
                                  29            [1]
                                  28            [1]
                                  27            [1]
                                  26            [1]
                                  25            [1]
                                  24            [1]
                                  23            [1]
                                  22            [1]
                                  21            [1]
                                  20            [1]
                                  19            [1]
                                  18            [1]
                                  17            [1]
                                  16            [1]
                                  15            [1]
                                  14            [1]
                                  13            [1]
                                  12            [1]
                                  11            [1]
                                  10            [1]
                                   9            [1]
                                   8            [1]
                                   7            [1]
                                   6            [1]
                                   5            [1]
                                   4            [1]
                                   3            [1]
                                   2            [1]
                                   0            

ff: found legal plan as follows
规划长度：142

var_size: 34462

当前收集的断言数：11442

1
找到反例！


第33次迭代
当前初始状态:
F:47 U:66
num_Or:3161
参数大于2的OR: 
(AT N80) (AT N79) (AT N78) (AT N77) (AT N76) (AT N75) (AT N74) (AT N73) (AT N72) (AT N71) (AT N70) (AT N69) (AT N68) (AT N67) (AT N66) (AT N65) (AT N64) (AT N63) (AT N62) (AT N58) (AT N55) (AT N54) (AT N53) (AT N52) (AT N50) (AT N49) (AT N36) (AT N31) (AT N22) (AT N20) (AT N18) (AT N9) (AT N6) 
H:2641


Cueing down from goal distance: 2641 into depth [1]
                                2640            [1]
                                2639            [1]
                                2638            [1]
                                2637            [1]
                                2636            [1]
                                2635            [1]
                                2634            [1]
                                2633            [1]
                                2632            [1]
                                2631            [1]
                                2630            [1]
                                2629            [1]
                                2628            [1]
                                2627            [1]
                                2626            [1]
                                2625            [1]
                                2624            [1]
                                2623            [1]
                                2622            [1]
                                2621            [1]
                                2620            [1]
                                2619            [1]
                                2618            [1]
                                2617            [1]
                                2616            [1]
                                2615            [1]
                                2614            [1]
                                2613            [1]
                                2612            [1]
                                2611            [1]
                                2610            [1]
                                2609            [1]
                                2608            [1]
                                2529            [1]
                                2450            [1]
                                2371            [1]
                                2292            [1]
                                2213            [1]
                                2134            [1]
                                2055            [1]
                                1976            [1]
                                1897            [1]
                                1818            [1]
                                1739            [1]
                                1660            [1]
                                1581            [1]
                                1502            [1]
                                1423            [1]
                                1344            [1]
                                1265            [1]
                                1186            [1]
                                1107            [1]
                                1028            [1]
                                 949            [1]
                                 870            [1]
                                 791            [1]
                                 712            [1]
                                 633            [1]
                                 554            [1]
                                 475            [1]
                                 396            [1]
                                 317            [1]
                                 238            [1]
                                 159            [1]
                                  80            [1]
                                  79            [1]
                                  78            [1]
                                  77            [1]
                                  76            [1]
                                  75            [1]
                                  74            [1]
                                  73            [1]
                                  72            [1]
                                  71            [1]
                                  70            [1]
                                  69            [1]
                                  68            [1]
                                  67            [1]
                                  66            [1]
                                  65            [1]
                                  64            [1]
                                  63            [1]
                                  62            [1]
                                  61            [1]
                                  60            [1]
                                  59            [1]
                                  58            [1]
                                  57            [1]
                                  56            [1]
                                  55            [1]
                                  54            [1]
                                  53            [1]
                                  52            [1]
                                  51            [1]
                                  50            [1]
                                  49            [1]
                                  48            [1]
                                  47            [1]
                                  46            [1]
                                  45            [1]
                                  44            [1]
                                  43            [1]
                                  42            [1]
                                  41            [1]
                                  40            [1]
                                  39            [1]
                                  38            [1]
                                  37            [1]
                                  36            [1]
                                  35            [1]
                                  34            [1]
                                  33            [1]
                                  32            [1]
                                  31            [1]
                                  30            [1]
                                  29            [1]
                                  28            [1]
                                  27            [1]
                                  26            [1]
                                  25            [1]
                                  24            [1]
                                  23            [1]
                                  22            [1]
                                  21            [1]
                                  20            [1]
                                  19            [1]
                                  18            [1]
                                  17            [1]
                                  16            [1]
                                  15            [1]
                                  14            [1]
                                  13            [1]
                                  12            [1]
                                  11            [1]
                                  10            [1]
                                   9            [1]
                                   8            [1]
                                   7            [1]
                                   6            [1]
                                   5            [1]
                                   4            [1]
                                   3            [1]
                                   2            [1]
                                   0            

ff: found legal plan as follows
规划长度：144

var_size: 34944

当前收集的断言数：11602

1
找到反例！


第34次迭代
当前初始状态:
F:46 U:68
num_Or:3161
参数大于2的OR: 
(AT N80) (AT N79) (AT N78) (AT N77) (AT N76) (AT N75) (AT N74) (AT N73) (AT N72) (AT N71) (AT N70) (AT N69) (AT N68) (AT N67) (AT N66) (AT N65) (AT N64) (AT N63) (AT N62) (AT N58) (AT N55) (AT N54) (AT N53) (AT N52) (AT N50) (AT N49) (AT N36) (AT N31) (AT N22) (AT N20) (AT N18) (AT N17) (AT N9) (AT N6) 
H:2721


Cueing down from goal distance: 2721 into depth [1]
                                2720            [1]
                                2719            [1]
                                2718            [1]
                                2717            [1]
                                2716            [1]
                                2715            [1]
                                2714            [1]
                                2713            [1]
                                2712            [1]
                                2711            [1]
                                2710            [1]
                                2709            [1]
                                2708            [1]
                                2707            [1]
                                2706            [1]
                                2705            [1]
                                2704            [1]
                                2703            [1]
                                2702            [1]
                                2701            [1]
                                2700            [1]
                                2699            [1]
                                2698            [1]
                                2697            [1]
                                2696            [1]
                                2695            [1]
                                2694            [1]
                                2693            [1]
                                2692            [1]
                                2691            [1]
                                2690            [1]
                                2689            [1]
                                2688            [1]
                                2687            [1]
                                2608            [1]
                                2529            [1]
                                2450            [1]
                                2371            [1]
                                2292            [1]
                                2213            [1]
                                2134            [1]
                                2055            [1]
                                1976            [1]
                                1897            [1]
                                1818            [1]
                                1739            [1]
                                1660            [1]
                                1581            [1]
                                1502            [1]
                                1423            [1]
                                1344            [1]
                                1265            [1]
                                1186            [1]
                                1107            [1]
                                1028            [1]
                                 949            [1]
                                 870            [1]
                                 791            [1]
                                 712            [1]
                                 633            [1]
                                 554            [1]
                                 475            [1]
                                 396            [1]
                                 317            [1]
                                 238            [1]
                                 159            [1]
                                  80            [1]
                                  79            [1]
                                  78            [1]
                                  77            [1]
                                  76            [1]
                                  75            [1]
                                  74            [1]
                                  73            [1]
                                  72            [1]
                                  71            [1]
                                  70            [1]
                                  69            [1]
                                  68            [1]
                                  67            [1]
                                  66            [1]
                                  65            [1]
                                  64            [1]
                                  63            [1]
                                  62            [1]
                                  61            [1]
                                  60            [1]
                                  59            [1]
                                  58            [1]
                                  57            [1]
                                  56            [1]
                                  55            [1]
                                  54            [1]
                                  53            [1]
                                  52            [1]
                                  51            [1]
                                  50            [1]
                                  49            [1]
                                  48            [1]
                                  47            [1]
                                  46            [1]
                                  45            [1]
                                  44            [1]
                                  43            [1]
                                  42            [1]
                                  41            [1]
                                  40            [1]
                                  39            [1]
                                  38            [1]
                                  37            [1]
                                  36            [1]
                                  35            [1]
                                  34            [1]
                                  33            [1]
                                  32            [1]
                                  31            [1]
                                  30            [1]
                                  29            [1]
                                  28            [1]
                                  27            [1]
                                  26            [1]
                                  25            [1]
                                  24            [1]
                                  23            [1]
                                  22            [1]
                                  21            [1]
                                  20            [1]
                                  19            [1]
                                  18            [1]
                                  17            [1]
                                  16            [1]
                                  15            [1]
                                  14            [1]
                                  13            [1]
                                  12            [1]
                                  11            [1]
                                  10            [1]
                                   9            [1]
                                   8            [1]
                                   7            [1]
                                   6            [1]
                                   5            [1]
                                   4            [1]
                                   3            [1]
                                   2            [1]
                                   0            

ff: found legal plan as follows
规划长度：146

var_size: 35426

当前收集的断言数：11762

1
找到反例！


第35次迭代
当前初始状态:
F:45 U:70
num_Or:3161
参数大于2的OR: 
(AT N80) (AT N79) (AT N78) (AT N77) (AT N76) (AT N75) (AT N74) (AT N73) (AT N72) (AT N71) (AT N70) (AT N69) (AT N68) (AT N67) (AT N66) (AT N65) (AT N64) (AT N63) (AT N62) (AT N61) (AT N58) (AT N55) (AT N54) (AT N53) (AT N52) (AT N50) (AT N49) (AT N36) (AT N31) (AT N22) (AT N20) (AT N18) (AT N17) (AT N9) (AT N6) 
H:2801


Cueing down from goal distance: 2801 into depth [1]
                                2800            [1]
                                2799            [1]
                                2798            [1]
                                2797            [1]
                                2796            [1]
                                2795            [1]
                                2794            [1]
                                2793            [1]
                                2792            [1]
                                2791            [1]
                                2790            [1]
                                2789            [1]
                                2788            [1]
                                2787            [1]
                                2786            [1]
                                2785            [1]
                                2784            [1]
                                2783            [1]
                                2782            [1]
                                2781            [1]
                                2780            [1]
                                2779            [1]
                                2778            [1]
                                2777            [1]
                                2776            [1]
                                2775            [1]
                                2774            [1]
                                2773            [1]
                                2772            [1]
                                2771            [1]
                                2770            [1]
                                2769            [1]
                                2768            [1]
                                2767            [1]
                                2766            [1]
                                2687            [1]
                                2608            [1]
                                2529            [1]
                                2450            [1]
                                2371            [1]
                                2292            [1]
                                2213            [1]
                                2134            [1]
                                2055            [1]
                                1976            [1]
                                1897            [1]
                                1818            [1]
                                1739            [1]
                                1660            [1]
                                1581            [1]
                                1502            [1]
                                1423            [1]
                                1344            [1]
                                1265            [1]
                                1186            [1]
                                1107            [1]
                                1028            [1]
                                 949            [1]
                                 870            [1]
                                 791            [1]
                                 712            [1]
                                 633            [1]
                                 554            [1]
                                 475            [1]
                                 396            [1]
                                 317            [1]
                                 238            [1]
                                 159            [1]
                                  80            [1]
                                  79            [1]
                                  78            [1]
                                  77            [1]
                                  76            [1]
                                  75            [1]
                                  74            [1]
                                  73            [1]
                                  72            [1]
                                  71            [1]
                                  70            [1]
                                  69            [1]
                                  68            [1]
                                  67            [1]
                                  66            [1]
                                  65            [1]
                                  64            [1]
                                  63            [1]
                                  62            [1]
                                  61            [1]
                                  60            [1]
                                  59            [1]
                                  58            [1]
                                  57            [1]
                                  56            [1]
                                  55            [1]
                                  54            [1]
                                  53            [1]
                                  52            [1]
                                  51            [1]
                                  50            [1]
                                  49            [1]
                                  48            [1]
                                  47            [1]
                                  46            [1]
                                  45            [1]
                                  44            [1]
                                  43            [1]
                                  42            [1]
                                  41            [1]
                                  40            [1]
                                  39            [1]
                                  38            [1]
                                  37            [1]
                                  36            [1]
                                  35            [1]
                                  34            [1]
                                  33            [1]
                                  32            [1]
                                  31            [1]
                                  30            [1]
                                  29            [1]
                                  28            [1]
                                  27            [1]
                                  26            [1]
                                  25            [1]
                                  24            [1]
                                  23            [1]
                                  22            [1]
                                  21            [1]
                                  20            [1]
                                  19            [1]
                                  18            [1]
                                  17            [1]
                                  16            [1]
                                  15            [1]
                                  14            [1]
                                  13            [1]
                                  12            [1]
                                  11            [1]
                                  10            [1]
                                   9            [1]
                                   8            [1]
                                   7            [1]
                                   6            [1]
                                   5            [1]
                                   4            [1]
                                   3            [1]
                                   2            [1]
                                   0            

ff: found legal plan as follows
规划长度：148

var_size: 35908

当前收集的断言数：11922

1
找到反例！


第36次迭代
当前初始状态:
F:44 U:72
num_Or:3161
参数大于2的OR: 
(AT N80) (AT N79) (AT N78) (AT N77) (AT N76) (AT N75) (AT N74) (AT N73) (AT N72) (AT N71) (AT N70) (AT N69) (AT N68) (AT N67) (AT N66) (AT N65) (AT N64) (AT N63) (AT N62) (AT N61) (AT N59) (AT N58) (AT N55) (AT N54) (AT N53) (AT N52) (AT N50) (AT N49) (AT N36) (AT N31) (AT N22) (AT N20) (AT N18) (AT N17) (AT N9) (AT N6) 
H:2881


Cueing down from goal distance: 2881 into depth [1]
                                2880            [1]
                                2879            [1]
                                2878            [1]
                                2877            [1]
                                2876            [1]
                                2875            [1]
                                2874            [1]
                                2873            [1]
                                2872            [1]
                                2871            [1]
                                2870            [1]
                                2869            [1]
                                2868            [1]
                                2867            [1]
                                2866            [1]
                                2865            [1]
                                2864            [1]
                                2863            [1]
                                2862            [1]
                                2861            [1]
                                2860            [1]
                                2859            [1]
                                2858            [1]
                                2857            [1]
                                2856            [1]
                                2855            [1]
                                2854            [1]
                                2853            [1]
                                2852            [1]
                                2851            [1]
                                2850            [1]
                                2849            [1]
                                2848            [1]
                                2847            [1]
                                2846            [1]
                                2845            [1]
                                2766            [1]
                                2687            [1]
                                2608            [1]
                                2529            [1]
                                2450            [1]
                                2371            [1]
                                2292            [1]
                                2213            [1]
                                2134            [1]
                                2055            [1]
                                1976            [1]
                                1897            [1]
                                1818            [1]
                                1739            [1]
                                1660            [1]
                                1581            [1]
                                1502            [1]
                                1423            [1]
                                1344            [1]
                                1265            [1]
                                1186            [1]
                                1107            [1]
                                1028            [1]
                                 949            [1]
                                 870            [1]
                                 791            [1]
                                 712            [1]
                                 633            [1]
                                 554            [1]
                                 475            [1]
                                 396            [1]
                                 317            [1]
                                 238            [1]
                                 159            [1]
                                  80            [1]
                                  79            [1]
                                  78            [1]
                                  77            [1]
                                  76            [1]
                                  75            [1]
                                  74            [1]
                                  73            [1]
                                  72            [1]
                                  71            [1]
                                  70            [1]
                                  69            [1]
                                  68            [1]
                                  67            [1]
                                  66            [1]
                                  65            [1]
                                  64            [1]
                                  63            [1]
                                  62            [1]
                                  61            [1]
                                  60            [1]
                                  59            [1]
                                  58            [1]
                                  57            [1]
                                  56            [1]
                                  55            [1]
                                  54            [1]
                                  53            [1]
                                  52            [1]
                                  51            [1]
                                  50            [1]
                                  49            [1]
                                  48            [1]
                                  47            [1]
                                  46            [1]
                                  45            [1]
                                  44            [1]
                                  43            [1]
                                  42            [1]
                                  41            [1]
                                  40            [1]
                                  39            [1]
                                  38            [1]
                                  37            [1]
                                  36            [1]
                                  35            [1]
                                  34            [1]
                                  33            [1]
                                  32            [1]
                                  31            [1]
                                  30            [1]
                                  29            [1]
                                  28            [1]
                                  27            [1]
                                  26            [1]
                                  25            [1]
                                  24            [1]
                                  23            [1]
                                  22            [1]
                                  21            [1]
                                  20            [1]
                                  19            [1]
                                  18            [1]
                                  17            [1]
                                  16            [1]
                                  15            [1]
                                  14            [1]
                                  13            [1]
                                  12            [1]
                                  11            [1]
                                  10            [1]
                                   9            [1]
                                   8            [1]
                                   7            [1]
                                   6            [1]
                                   5            [1]
                                   4            [1]
                                   3            [1]
                                   2            [1]
                                   0            

ff: found legal plan as follows
规划长度：150

var_size: 36390

当前收集的断言数：12082

1
找到反例！


第37次迭代
当前初始状态:
F:43 U:74
num_Or:3161
参数大于2的OR: 
(AT N80) (AT N79) (AT N78) (AT N77) (AT N76) (AT N75) (AT N74) (AT N73) (AT N72) (AT N71) (AT N70) (AT N69) (AT N68) (AT N67) (AT N66) (AT N65) (AT N64) (AT N63) (AT N62) (AT N61) (AT N59) (AT N58) (AT N55) (AT N54) (AT N53) (AT N52) (AT N50) (AT N49) (AT N38) (AT N36) (AT N31) (AT N22) (AT N20) (AT N18) (AT N17) (AT N9) (AT N6) 
H:2961


Cueing down from goal distance: 2961 into depth [1]
                                2960            [1]
                                2959            [1]
                                2958            [1]
                                2957            [1]
                                2956            [1]
                                2955            [1]
                                2954            [1]
                                2953            [1]
                                2952            [1]
                                2951            [1]
                                2950            [1]
                                2949            [1]
                                2948            [1]
                                2947            [1]
                                2946            [1]
                                2945            [1]
                                2944            [1]
                                2943            [1]
                                2942            [1]
                                2941            [1]
                                2940            [1]
                                2939            [1]
                                2938            [1]
                                2937            [1]
                                2936            [1]
                                2935            [1]
                                2934            [1]
                                2933            [1]
                                2932            [1]
                                2931            [1]
                                2930            [1]
                                2929            [1]
                                2928            [1]
                                2927            [1]
                                2926            [1]
                                2925            [1]
                                2924            [1]
                                2845            [1]
                                2766            [1]
                                2687            [1]
                                2608            [1]
                                2529            [1]
                                2450            [1]
                                2371            [1]
                                2292            [1]
                                2213            [1]
                                2134            [1]
                                2055            [1]
                                1976            [1]
                                1897            [1]
                                1818            [1]
                                1739            [1]
                                1660            [1]
                                1581            [1]
                                1502            [1]
                                1423            [1]
                                1344            [1]
                                1265            [1]
                                1186            [1]
                                1107            [1]
                                1028            [1]
                                 949            [1]
                                 870            [1]
                                 791            [1]
                                 712            [1]
                                 633            [1]
                                 554            [1]
                                 475            [1]
                                 396            [1]
                                 317            [1]
                                 238            [1]
                                 159            [1]
                                  80            [1]
                                  79            [1]
                                  78            [1]
                                  77            [1]
                                  76            [1]
                                  75            [1]
                                  74            [1]
                                  73            [1]
                                  72            [1]
                                  71            [1]
                                  70            [1]
                                  69            [1]
                                  68            [1]
                                  67            [1]
                                  66            [1]
                                  65            [1]
                                  64            [1]
                                  63            [1]
                                  62            [1]
                                  61            [1]
                                  60            [1]
                                  59            [1]
                                  58            [1]
                                  57            [1]
                                  56            [1]
                                  55            [1]
                                  54            [1]
                                  53            [1]
                                  52            [1]
                                  51            [1]
                                  50            [1]
                                  49            [1]
                                  48            [1]
                                  47            [1]
                                  46            [1]
                                  45            [1]
                                  44            [1]
                                  43            [1]
                                  42            [1]
                                  41            [1]
                                  40            [1]
                                  39            [1]
                                  38            [1]
                                  37            [1]
                                  36            [1]
                                  35            [1]
                                  34            [1]
                                  33            [1]
                                  32            [1]
                                  31            [1]
                                  30            [1]
                                  29            [1]
                                  28            [1]
                                  27            [1]
                                  26            [1]
                                  25            [1]
                                  24            [1]
                                  23            [1]
                                  22            [1]
                                  21            [1]
                                  20            [1]
                                  19            [1]
                                  18            [1]
                                  17            [1]
                                  16            [1]
                                  15            [1]
                                  14            [1]
                                  13            [1]
                                  12            [1]
                                  11            [1]
                                  10            [1]
                                   9            [1]
                                   8            [1]
                                   7            [1]
                                   6            [1]
                                   5            [1]
                                   4            [1]
                                   3            [1]
                                   2            [1]
                                   0            

ff: found legal plan as follows
规划长度：152

var_size: 36872

当前收集的断言数：12242

1
找到反例！


第38次迭代
当前初始状态:
F:42 U:76
num_Or:3161
参数大于2的OR: 
(AT N80) (AT N79) (AT N78) (AT N77) (AT N76) (AT N75) (AT N74) (AT N73) (AT N72) (AT N71) (AT N70) (AT N69) (AT N68) (AT N67) (AT N66) (AT N65) (AT N64) (AT N63) (AT N62) (AT N61) (AT N60) (AT N59) (AT N58) (AT N55) (AT N54) (AT N53) (AT N52) (AT N50) (AT N49) (AT N38) (AT N36) (AT N31) (AT N22) (AT N20) (AT N18) (AT N17) (AT N9) (AT N6) 
H:3041


Cueing down from goal distance: 3041 into depth [1]
                                3040            [1]
                                3039            [1]
                                3038            [1]
                                3037            [1]
                                3036            [1]
                                3035            [1]
                                3034            [1]
                                3033            [1]
                                3032            [1]
                                3031            [1]
                                3030            [1]
                                3029            [1]
                                3028            [1]
                                3027            [1]
                                3026            [1]
                                3025            [1]
                                3024            [1]
                                3023            [1]
                                3022            [1]
                                3021            [1]
                                3020            [1]
                                3019            [1]
                                3018            [1]
                                3017            [1]
                                3016            [1]
                                3015            [1]
                                3014            [1]
                                3013            [1]
                                3012            [1]
                                3011            [1]
                                3010            [1]
                                3009            [1]
                                3008            [1]
                                3007            [1]
                                3006            [1]
                                3005            [1]
                                3004            [1]
                                3003            [1]
                                2924            [1]
                                2845            [1]
                                2766            [1]
                                2687            [1]
                                2608            [1]
                                2529            [1]
                                2450            [1]
                                2371            [1]
                                2292            [1]
                                2213            [1]
                                2134            [1]
                                2055            [1]
                                1976            [1]
                                1897            [1]
                                1818            [1]
                                1739            [1]
                                1660            [1]
                                1581            [1]
                                1502            TimeOut
now_time:3600.0872548079933
