                                  32            [1]
                                  31            [1]
                                  30            [1]
                                  29            [1]
                                  28            [1]
                                  27            [1]
                                  26            [1]
                                  25            [1]
                                  24            [1]
                                  23            [1]
                                  22            [1]
                                  21            [1]
                                  20            [1]
                                  19            [1]
                                  18            [1]
                                  17            [1]
                                  16            [1]
                                  15            [1]
                                  14            [1]
                                  13            [1]
                                  12            [1]
                                  11            [1]
                                  10            [1]
                                   9            [1]
                                   8            [1]
                                   7            [1]
                                   6            [1]
                                   5            [1]
                                   4            [1]
                                   3            [1]
                                   2            [1]
                                   0            

ff: found legal plan as follows
规划长度：152

var_size: 41462

当前收集的断言数：13772

1
找到反例！


第33次迭代
当前初始状态:
F:57 U:66
num_Or:4006
参数大于2的OR: 
(AT N90) (AT N88) (AT N87) (AT N86) (AT N85) (AT N84) (AT N83) (AT N82) (AT N81) (AT N80) (AT N79) (AT N78) (AT N77) (AT N76) (AT N75) (AT N74) (AT N73) (AT N72) (AT N71) (AT N70) (AT N69) (AT N68) (AT N67) (AT N49) (AT N31) (AT N26) (AT N19) (AT N17) (AT N15) (AT N13) (AT N11) (AT N9) (AT N2) 
H:2971


Cueing down from goal distance: 2971 into depth [1]
                                2970            [1]
                                2969            [1]
                                2968            [1]
                                2967            [1]
                                2966            [1]
                                2965            [1]
                                2964            [1]
                                2963            [1]
                                2962            [1]
                                2961            [1]
                                2960            [1]
                                2959            [1]
                                2958            [1]
                                2957            [1]
                                2956            [1]
                                2955            [1]
                                2954            [1]
                                2953            [1]
                                2952            [1]
                                2951            [1]
                                2950            [1]
                                2949            [1]
                                2948            [1]
                                2947            [1]
                                2946            [1]
                                2945            [1]
                                2944            [1]
                                2943            [1]
                                2942            [1]
                                2941            [1]
                                2940            [1]
                                2939            [1]
                                2938            [1]
                                2849            [1]
                                2760            [1]
                                2671            [1]
                                2582            [1]
                                2493            [1]
                                2404            [1]
                                2315            [1]
                                2226            [1]
                                2137            [1]
                                2048            [1]
                                1959            [1]
                                1870            [1]
                                1781            [1]
                                1692            [1]
                                1603            [1]
                                1514            [1]
                                1425            [1]
                                1336            [1]
                                1247            [1]
                                1158            [1]
                                1069            [1]
                                 980            [1]
                                 891            [1]
                                 802            [1]
                                 713            [1]
                                 624            [1]
                                 535            [1]
                                 446            [1]
                                 357            [1]
                                 268            [1]
                                 179            [1]
                                  90            [1]
                                  89            [1]
                                  88            [1]
                                  87            [1]
                                  86            [1]
                                  85            [1]
                                  84            [1]
                                  83            [1]
                                  82            [1]
                                  81            [1]
                                  80            [1]
                                  79            [1]
                                  78            [1]
                                  77            [1]
                                  76            [1]
                                  75            [1]
                                  74            [1]
                                  73            [1]
                                  72            [1]
                                  71            [1]
                                  70            [1]
                                  69            [1]
                                  68            [1]
                                  67            [1]
                                  66            [1]
                                  65            [1]
                                  64            [1]
                                  63            [1]
                                  62            [1]
                                  61            [1]
                                  60            [1]
                                  59            [1]
                                  58            [1]
                                  57            [1]
                                  56            [1]
                                  55            [1]
                                  54            [1]
                                  53            [1]
                                  52            [1]
                                  51            [1]
                                  50            [1]
                                  49            [1]
                                  48            [1]
                                  47            [1]
                                  46            [1]
                                  45            [1]
                                  44            [1]
                                  43            [1]
                                  42            [1]
                                  41            [1]
                                  40            [1]
                                  39            [1]
                                  38            [1]
                                  37            [1]
                                  36            [1]
                                  35            [1]
                                  34            [1]
                                  33            [1]
                                  32            [1]
                                  31            [1]
                                  30            [1]
                                  29            [1]
                                  28            [1]
                                  27            [1]
                                  26            [1]
                                  25            [1]
                                  24            [1]
                                  23            [1]
                                  22            [1]
                                  21            [1]
                                  20            [1]
                                  19            [1]
                                  18            [1]
                                  17            [1]
                                  16            [1]
                                  15            [1]
                                  14            [1]
                                  13            [1]
                                  12            [1]
                                  11            [1]
                                  10            [1]
                                   9            [1]
                                   8            [1]
                                   7            [1]
                                   6            [1]
                                   5            [1]
                                   4            [1]
                                   3            [1]
                                   2            [1]
                                   0            

ff: found legal plan as follows
规划长度：154

var_size: 42004

当前收集的断言数：13952

1
找到反例！


第34次迭代
当前初始状态:
F:56 U:68
num_Or:4006
参数大于2的OR: 
(AT N90) (AT N88) (AT N87) (AT N86) (AT N85) (AT N84) (AT N83) (AT N82) (AT N81) (AT N80) (AT N79) (AT N78) (AT N77) (AT N76) (AT N75) (AT N74) (AT N73) (AT N72) (AT N71) (AT N70) (AT N69) (AT N68) (AT N67) (AT N66) (AT N49) (AT N31) (AT N26) (AT N19) (AT N17) (AT N15) (AT N13) (AT N11) (AT N9) (AT N2) 
H:3061


Cueing down from goal distance: 3061 into depth [1]
                                3060            [1]
                                3059            [1]
                                3058            [1]
                                3057            [1]
                                3056            [1]
                                3055            [1]
                                3054            [1]
                                3053            [1]
                                3052            [1]
                                3051            [1]
                                3050            [1]
                                3049            [1]
                                3048            [1]
                                3047            [1]
                                3046            [1]
                                3045            [1]
                                3044            [1]
                                3043            [1]
                                3042            [1]
                                3041            [1]
                                3040            [1]
                                3039            [1]
                                3038            [1]
                                3037            [1]
                                3036            [1]
                                3035            [1]
                                3034            [1]
                                3033            [1]
                                3032            [1]
                                3031            [1]
                                3030            [1]
                                3029            [1]
                                3028            [1]
                                3027            [1]
                                2938            [1]
                                2849            [1]
                                2760            [1]
                                2671            [1]
                                2582            [1]
                                2493            [1]
                                2404            [1]
                                2315            [1]
                                2226            [1]
                                2137            [1]
                                2048            [1]
                                1959            [1]
                                1870            [1]
                                1781            [1]
                                1692            [1]
                                1603            [1]
                                1514            [1]
                                1425            [1]
                                1336            [1]
                                1247            [1]
                                1158            [1]
                                1069            [1]
                                 980            [1]
                                 891            [1]
                                 802            [1]
                                 713            [1]
                                 624            [1]
                                 535            [1]
                                 446            [1]
                                 357            [1]
                                 268            [1]
                                 179            [1]
                                  90            [1]
                                  89            [1]
                                  88            [1]
                                  87            [1]
                                  86            [1]
                                  85            [1]
                                  84            [1]
                                  83            [1]
                                  82            [1]
                                  81            [1]
                                  80            [1]
                                  79            [1]
                                  78            [1]
                                  77            [1]
                                  76            [1]
                                  75            [1]
                                  74            [1]
                                  73            [1]
                                  72            [1]
                                  71            [1]
                                  70            [1]
                                  69            [1]
                                  68            [1]
                                  67            [1]
                                  66            [1]
                                  65            [1]
                                  64            [1]
                                  63            [1]
                                  62            [1]
                                  61            [1]
                                  60            [1]
                                  59            [1]
                                  58            [1]
                                  57            [1]
                                  56            [1]
                                  55            [1]
                                  54            [1]
                                  53            [1]
                                  52            [1]
                                  51            [1]
                                  50            [1]
                                  49            [1]
                                  48            [1]
                                  47            [1]
                                  46            [1]
                                  45            [1]
                                  44            [1]
                                  43            [1]
                                  42            [1]
                                  41            [1]
                                  40            [1]
                                  39            [1]
                                  38            [1]
                                  37            [1]
                                  36            [1]
                                  35            [1]
                                  34            [1]
                                  33            [1]
                                  32            [1]
                                  31            [1]
                                  30            [1]
                                  29            [1]
                                  28            [1]
                                  27            [1]
                                  26            [1]
                                  25            [1]
                                  24            [1]
                                  23            [1]
                                  22            [1]
                                  21            [1]
                                  20            [1]
                                  19            [1]
                                  18            [1]
                                  17            [1]
                                  16            [1]
                                  15            [1]
                                  14            [1]
                                  13            [1]
                                  12            [1]
                                  11            [1]
                                  10            [1]
                                   9            [1]
                                   8            [1]
                                   7            [1]
                                   6            [1]
                                   5            [1]
                                   4            [1]
                                   3            [1]
                                   2            [1]
                                   0            

ff: found legal plan as follows
规划长度：156

var_size: 42546

当前收集的断言数：14132

1
找到反例！


第35次迭代
当前初始状态:
F:55 U:70
num_Or:4006
参数大于2的OR: 
(AT N90) (AT N88) (AT N87) (AT N86) (AT N85) (AT N84) (AT N83) (AT N82) (AT N81) (AT N80) (AT N79) (AT N78) (AT N77) (AT N76) (AT N75) (AT N74) (AT N73) (AT N72) (AT N71) (AT N70) (AT N69) (AT N68) (AT N67) (AT N66) (AT N65) (AT N49) (AT N31) (AT N26) (AT N19) (AT N17) (AT N15) (AT N13) (AT N11) (AT N9) (AT N2) 
H:3151


Cueing down from goal distance: 3151 into depth [1]
                                3150            [1]
                                3149            [1]
                                3148            [1]
                                3147            [1]
                                3146            [1]
                                3145            [1]
                                3144            [1]
                                3143            [1]
                                3142            [1]
                                3141            [1]
                                3140            [1]
                                3139            [1]
                                3138            [1]
                                3137            [1]
                                3136            [1]
                                3135            [1]
                                3134            [1]
                                3133            [1]
                                3132            [1]
                                3131            [1]
                                3130            [1]
                                3129            [1]
                                3128            [1]
                                3127            [1]
                                3126            [1]
                                3125            [1]
                                3124            [1]
                                3123            [1]
                                3122            [1]
                                3121            [1]
                                3120            [1]
                                3119            [1]
                                3118            [1]
                                3117            [1]
                                3116            [1]
                                3027            [1]
                                2938            [1]
                                2849            [1]
                                2760            [1]
                                2671            [1]
                                2582            [1]
                                2493            [1]
                                2404            [1]
                                2315            [1]
                                2226            [1]
                                2137            [1]
                                2048            [1]
                                1959            [1]
                                1870            [1]
                                1781            [1]
                                1692            [1]
                                1603            [1]
                                1514            [1]
                                1425            [1]
                                1336            [1]
                                1247            [1]
                                1158            [1]
                                1069            [1]
                                 980            [1]
                                 891            [1]
                                 802            [1]
                                 713            [1]
                                 624            [1]
                                 535            [1]
                                 446            [1]
                                 357            [1]
                                 268            [1]
                                 179            [1]
                                  90            [1]
                                  89            [1]
                                  88            [1]
                                  87            [1]
                                  86            [1]
                                  85            [1]
                                  84            [1]
                                  83            [1]
                                  82            [1]
                                  81            [1]
                                  80            [1]
                                  79            [1]
                                  78            [1]
                                  77            [1]
                                  76            [1]
                                  75            [1]
                                  74            [1]
                                  73            [1]
                                  72            [1]
                                  71            [1]
                                  70            [1]
                                  69            [1]
                                  68            [1]
                                  67            [1]
                                  66            [1]
                                  65            [1]
                                  64            [1]
                                  63            [1]
                                  62            [1]
                                  61            [1]
                                  60            [1]
                                  59            [1]
                                  58            [1]
                                  57            [1]
                                  56            [1]
                                  55            [1]
                                  54            [1]
                                  53            [1]
                                  52            [1]
                                  51            [1]
                                  50            [1]
                                  49            [1]
                                  48            [1]
                                  47            [1]
                                  46            [1]
                                  45            [1]
                                  44            [1]
                                  43            [1]
                                  42            [1]
                                  41            [1]
                                  40            [1]
                                  39            [1]
                                  38            [1]
                                  37            [1]
                                  36            [1]
                                  35            [1]
                                  34            [1]
                                  33            [1]
                                  32            [1]
                                  31            [1]
                                  30            [1]
                                  29            [1]
                                  28            [1]
                                  27            [1]
                                  26            [1]
                                  25            [1]
                                  24            [1]
                                  23            [1]
                                  22            [1]
                                  21            [1]
                                  20            [1]
                                  19            [1]
                                  18            [1]
                                  17            [1]
                                  16            [1]
                                  15            [1]
                                  14            [1]
                                  13            [1]
                                  12            [1]
                                  11            [1]
                                  10            [1]
                                   9            [1]
                                   8            [1]
                                   7            [1]
                                   6            [1]
                                   5            [1]
                                   4            [1]
                                   3            [1]
                                   2            [1]
                                   0            

ff: found legal plan as follows
规划长度：158

var_size: 43088

当前收集的断言数：14312

1
找到反例！


第36次迭代
当前初始状态:
F:54 U:72
num_Or:4006
参数大于2的OR: 
(AT N90) (AT N88) (AT N87) (AT N86) (AT N85) (AT N84) (AT N83) (AT N82) (AT N81) (AT N80) (AT N79) (AT N78) (AT N77) (AT N76) (AT N75) (AT N74) (AT N73) (AT N72) (AT N71) (AT N70) (AT N69) (AT N68) (AT N67) (AT N66) (AT N65) (AT N64) (AT N49) (AT N31) (AT N26) (AT N19) (AT N17) (AT N15) (AT N13) (AT N11) (AT N9) (AT N2) 
H:3241


Cueing down from goal distance: 3241 into depth [1]
                                3240            [1]
                                3239            [1]
                                3238            [1]
                                3237            [1]
                                3236            [1]
                                3235            [1]
                                3234            [1]
                                3233            [1]
                                3232            [1]
                                3231            [1]
                                3230            [1]
                                3229            [1]
                                3228            [1]
                                3227            [1]
                                3226            [1]
                                3225            [1]
                                3224            [1]
                                3223            [1]
                                3222            [1]
                                3221            [1]
                                3220            [1]
                                3219            [1]
                                3218            [1]
                                3217            [1]
                                3216            [1]
                                3215            [1]
                                3214            [1]
                                3213            [1]
                                3212            [1]
                                3211            [1]
                                3210            [1]
                                3209            [1]
                                3208            [1]
                                3207            [1]
                                3206            [1]
                                3205            [1]
                                3116            [1]
                                3027            [1]
                                2938            [1]
                                2849            [1]
                                2760            [1]
                                2671            [1]
                                2582            [1]
                                2493            [1]
                                2404            [1]
                                2315            [1]
                                2226            [1]
                                2137            [1]
                                2048            [1]
                                1959            [1]
                                1870            [1]
                                1781            [1]
                                1692            [1]
                                1603            [1]
                                1514            [1]
                                1425            [1]
                                1336            [1]
                                1247            [1]
                                1158            [1]
                                1069            [1]
                                 980            [1]
                                 891            [1]
                                 802            [1]
                                 713            [1]
                                 624            [1]
                                 535            [1]
                                 446            [1]
                                 357            [1]
                                 268            [1]
                                 179            [1]
                                  90            [1]
                                  89            [1]
                                  88            [1]
                                  87            [1]
                                  86            [1]
                                  85            [1]
                                  84            [1]
                                  83            [1]
                                  82            [1]
                                  81            [1]
                                  80            [1]
                                  79            [1]
                                  78            [1]
                                  77            [1]
                                  76            [1]
                                  75            [1]
                                  74            [1]
                                  73            [1]
                                  72            [1]
                                  71            [1]
                                  70            [1]
                                  69            [1]
                                  68            [1]
                                  67            [1]
                                  66            [1]
                                  65            [1]
                                  64            [1]
                                  63            [1]
                                  62            [1]
                                  61            [1]
                                  60            [1]
                                  59            [1]
                                  58            [1]
                                  57            [1]
                                  56            [1]
                                  55            [1]
                                  54            [1]
                                  53            [1]
                                  52            [1]
                                  51            [1]
                                  50            [1]
                                  49            [1]
                                  48            [1]
                                  47            [1]
                                  46            [1]
                                  45            [1]
                                  44            [1]
                                  43            [1]
                                  42            [1]
                                  41            [1]
                                  40            [1]
                                  39            [1]
                                  38            [1]
                                  37            [1]
                                  36            [1]
                                  35            [1]
                                  34            [1]
                                  33            [1]
                                  32            [1]
                                  31            [1]
                                  30            [1]
                                  29            [1]
                                  28            [1]
                                  27            [1]
                                  26            [1]
                                  25            [1]
                                  24            [1]
                                  23            [1]
                                  22            [1]
                                  21            [1]
                                  20            [1]
                                  19            [1]
                                  18            [1]
                                  17            [1]
                                  16            [1]
                                  15            [1]
                                  14            [1]
                                  13            [1]
                                  12            [1]
                                  11            [1]
                                  10            [1]
                                   9            [1]
                                   8            [1]
                                   7            [1]
                                   6            [1]
                                   5            [1]
                                   4            [1]
                                   3            [1]
                                   2            [1]
                                   0            

ff: found legal plan as follows
规划长度：160

var_size: 43630

当前收集的断言数：14492

1
找到反例！


第37次迭代
当前初始状态:
F:53 U:74
num_Or:4006
参数大于2的OR: 
(AT N90) (AT N88) (AT N87) (AT N86) (AT N85) (AT N84) (AT N83) (AT N82) (AT N81) (AT N80) (AT N79) (AT N78) (AT N77) (AT N76) (AT N75) (AT N74) (AT N73) (AT N72) (AT N71) (AT N70) (AT N69) (AT N68) (AT N67) (AT N66) (AT N65) (AT N64) (AT N63) (AT N49) (AT N31) (AT N26) (AT N19) (AT N17) (AT N15) (AT N13) (AT N11) (AT N9) (AT N2) 
H:3331


Cueing down from goal distance: 3331 into depth [1]
                                3330            [1]
                                3329            [1]
                                3328            [1]
                                3327            [1]
                                3326            [1]
                                3325            [1]
                                3324            [1]
                                3323            [1]
                                3322            [1]
                                3321            [1]
                                3320            [1]
                                3319            [1]
                                3318            [1]
                                3317            [1]
                                3316            [1]
                                3315            [1]
                                3314            [1]
                                3313            [1]
                                3312            [1]
                                3311            [1]
                                3310            [1]
                                3309            [1]
                                3308            [1]
                                3307            [1]
                                3306            [1]
                                3305            [1]
                                3304            [1]
                                3303            [1]
                                3302            [1]
                                3301            [1]
                                3300            [1]
                                3299            [1]
                                3298            [1]
                                3297            [1]
                                3296            [1]
                                3295            [1]
                                3294            [1]
                                3205            [1]
                                3116            [1]
                                3027            [1]
                                2938            [1]
                                2849            [1]
                                2760            [1]
                                2671            [1]
                                2582            [1]
                                2493            [1]
                                2404            [1]
                                2315            [1]
                                2226            [1]
                                2137            [1]
                                2048            [1]
                                1959            [1]
                                1870            [1]
                                1781            [1]
                                1692            [1]
                                1603            [1]
                                1514            [1]
                                1425            [1]
                                1336            [1]
                                1247            [1]
                                1158            [1]
                                1069            [1]
                                 980            [1]
                                 891            [1]
                                 802            [1]
                                 713            [1]
                                 624            [1]
                                 535            [1]
                                 446            [1]
                                 357            [1]
                                 268            [1]
                                 179            [1]
                                  90            [1]
                                  89            [1]
                                  88            [1]
                                  87            [1]
                                  86            [1]
                                  85            [1]
                                  84            [1]
                                  83            [1]
                                  82            [1]
                                  81            [1]
                                  80            [1]
                                  79            [1]
                                  78            [1]
                                  77            [1]
                                  76            [1]
                                  75            [1]
                                  74            [1]
                                  73            [1]
                                  72            [1]
                                  71            [1]
                                  70            [1]
                                  69            [1]
                                  68            [1]
                                  67            [1]
                                  66            [1]
                                  65            [1]
                                  64            [1]
                                  63            [1]
                                  62            [1]
                                  61            [1]
                                  60            [1]
                                  59            [1]
                                  58            [1]
                                  57            [1]
                                  56            [1]
                                  55            [1]
                                  54            [1]
                                  53            [1]
                                  52            [1]
                                  51            [1]
                                  50            [1]
                                  49            [1]
                                  48            [1]
                                  47            [1]
                                  46            [1]
                                  45            [1]
                                  44            [1]
                                  43            [1]
                                  42            [1]
                                  41            [1]
                                  40            [1]
                                  39            [1]
                                  38            [1]
                                  37            [1]
                                  36            [1]
                                  35            [1]
                                  34            [1]
                                  33            [1]
                                  32            [1]
                                  31            [1]
                                  30            [1]
                                  29            [1]
                                  28            [1]
                                  27            [1]
                                  26            [1]
                                  25            [1]
                                  24            [1]
                                  23            [1]
                                  22            [1]
                                  21            [1]
                                  20            [1]
                                  19            [1]
                                  18            [1]
                                  17            [1]
                                  16            [1]
                                  15            [1]
                                  14            [1]
                                  13            [1]
                                  12            [1]
                                  11            [1]
                                  10            [1]
                                   9            [1]
                                   8            [1]
                                   7            [1]
                                   6            [1]
                                   5            [1]
                                   4            [1]
                                   3            [1]
                                   2            [1]
                                   0            

ff: found legal plan as follows
规划长度：162

var_size: 44172

当前收集的断言数：14672

1
找到反例！


第38次迭代
当前初始状态:
F:52 U:76
num_Or:4006
参数大于2的OR: 
(AT N90) (AT N88) (AT N87) (AT N86) (AT N85) (AT N84) (AT N83) (AT N82) (AT N81) (AT N80) (AT N79) (AT N78) (AT N77) (AT N76) (AT N75) (AT N74) (AT N73) (AT N72) (AT N71) (AT N70) (AT N69) (AT N68) (AT N67) (AT N66) (AT N65) (AT N64) (AT N63) (AT N62) (AT N49) (AT N31) (AT N26) (AT N19) (AT N17) (AT N15) (AT N13) (AT N11) (AT N9) (AT N2) 
H:3421


Cueing down from goal distance: 3421 into depth [1]
                                3420            [1]
                                3419            [1]
                                3418            [1]
                                3417            [1]
                                3416            [1]
                                3415            [1]
                                3414            [1]
                                3413            [1]
                                3412            [1]
                                3411            [1]
                                3410            [1]
                                3409            [1]
                                3408            [1]
                                3407            [1]
                                3406            [1]
                                3405            [1]
                                3404            [1]
                                3403            [1]
                                3402            [1]
                                3401            [1]
                                3400            [1]
                                3399            [1]
                                3398            [1]
                                3397            [1]
                                3396            [1]
                                3395            [1]
                                3394            [1]
                                3393            [1]
                                3392            [1]
                                3391            [1]
                                3390            [1]
                                3389            [1]
                                3388            [1]
                                3387            [1]
                                3386            [1]
                                3385            [1]
                                3384            [1]
                                3383            [1]
                                3294            [1]
                                3205            [1]
                                3116            [1]
                                3027            [1]
                                2938            [1]
                                2849            [1]
                                2760            TimeOut
now_time:3600.09724217403
