                                  24            [1]
                                  23            [1]
                                  22            [1]
                                  21            [1]
                                  20            [1]
                                  19            [1]
                                  18            [1]
                                  17            [1]
                                  16            [1]
                                  15            [1]
                                  14            [1]
                                  13            [1]
                                  12            [1]
                                  11            [1]
                                  10            [1]
                                   9            [1]
                                   8            [1]
                                   7            [1]
                                   6            [1]
                                   5            [1]
                                   4            [1]
                                   3            [1]
                                   2            [1]
                                   0            

ff: found legal plan as follows
规划长度：135

var_size: 12375

当前收集的断言数：4082

1
找到反例！


第25次迭代
当前初始状态:
F:5 U:50
num_Or:436
参数大于2的OR: 
(AT N30) (AT N29) (AT N28) (AT N27) (AT N26) (AT N25) (AT N24) (AT N23) (AT N22) (AT N21) (AT N19) (AT N17) (AT N15) (AT N14) (AT N13) (AT N12) (AT N11) (AT N9) (AT N8) (AT N7) (AT N5) (AT N4) (AT N3) (AT N2) (AT N1) 
H:269


Cueing down from goal distance:  269 into depth [1]
                                 268            [1]
                                 267            [1]
                                 266            [1]
                                 265            [1]
                                 264            [1]
                                 263            [1]
                                 262            [1]
                                 261            [1]
                                 260            [1]
                                 259            [1]
                                 258            [1]
                                 257            [1]
                                 256            [1]
                                 255            [1]
                                 254            [1]
                                 253            [1]
                                 252            [1]
                                 251            [1]
                                 250            [1]
                                 249            [1]
                                 248            [1]
                                 247            [1]
                                 246            [1]
                                 245            [1]
                                 244            [1]
                                 217            [1]
                                 213            [1]
                                 188            [1]
                                 184            [1]
                                 161            [1]
                                 157            [1]
                                 136            [1]
                                 132            [1]
                                 113            [1]
                                 112            [1]
                                 105            [1]
                                 104            [1]
                                  99            [1]
                                  95            [1]
                                  92            [1]
                                  90            [1]
                                  89            [1]
                                  88            [1]
                                  87            [1]
                                  86            [1]
                                  85            [1]
                                  84            [1]
                                  83            [1]
                                  82            [1]
                                  81            [1]
                                  80            [1]
                                  79            [1]
                                  78            [1]
                                  77            [1]
                                  76            [1]
                                  75            [1]
                                  74            [1]
                                  73            [1]
                                  72            [1]
                                  71            [1]
                                  70            [1]
                                  69            [1]
                                  68            [1]
                                  67            [1]
                                  66            [1]
                                  65            [1]
                                  64            [1]
                                  63            [1]
                                  62            [1]
                                  61            [1]
                                  60            [1]
                                  59            [1]
                                  58            [1]
                                  57            [1]
                                  56            [1]
                                  55            [1]
                                  54            [1]
                                  53            [1]
                                  52            [1]
                                  51            [1]
                                  50            [1][2]
                                  49            [1]
                                  48            [1][2]
                                  47            [1]
                                  46            [1][2]
                                  45            [1]
                                  44            [1][2]
                                  43            [1]
                                  42            [1][2]
                                  41            [1]
                                  40            [1][2]
                                  39            [1]
                                  38            [1][2]
                                  37            [1]
                                  36            [1][2]
                                  35            [1]
                                  33            [1]
                                  32            [1]
                                  31            [1]
                                  30            [1][2]
                                  29            [1]
                                  28            [1]
                                  27            [1]
                                  26            [1]
                                  25            [1]
                                  24            [1]
                                  23            [1]
                                  22            [1]
                                  21            [1]
                                  20            [1]
                                  19            [1]
                                  18            [1]
                                  17            [1]
                                  16            [1]
                                  15            [1]
                                  14            [1]
                                  13            [1]
                                  12            [1]
                                  11            [1]
                                  10            [1]
                                   9            [1]
                                   8            [1]
                                   7            [1]
                                   6            [1]
                                   5            [1]
                                   4            [1]
                                   3            [1]
                                   2            [1]
                                   0            

ff: found legal plan as follows
规划长度：138

var_size: 12648

当前收集的断言数：4172

1
找到反例！


第26次迭代
当前初始状态:
F:4 U:52
num_Or:436
参数大于2的OR: 
(AT N30) (AT N29) (AT N28) (AT N27) (AT N26) (AT N25) (AT N24) (AT N23) (AT N22) (AT N21) (AT N19) (AT N18) (AT N17) (AT N15) (AT N14) (AT N13) (AT N12) (AT N11) (AT N9) (AT N8) (AT N7) (AT N5) (AT N4) (AT N3) (AT N2) (AT N1) 
H:273


Cueing down from goal distance:  273 into depth [1]
                                 272            [1]
                                 271            [1]
                                 270            [1]
                                 269            [1]
                                 268            [1]
                                 267            [1]
                                 266            [1]
                                 265            [1]
                                 264            [1]
                                 263            [1]
                                 262            [1]
                                 261            [1]
                                 260            [1]
                                 259            [1]
                                 258            [1]
                                 257            [1]
                                 256            [1]
                                 255            [1]
                                 254            [1]
                                 253            [1]
                                 252            [1]
                                 251            [1]
                                 250            [1]
                                 249            [1]
                                 248            [1]
                                 247            [1]
                                 220            [1]
                                 217            [1]
                                 192            [1]
                                 189            [1]
                                 166            [1]
                                 163            [1]
                                 142            [1]
                                 139            [1]
                                 120            [1]
                                 112            [1]
                                 105            [1]
                                 104            [1]
                                  99            [1]
                                  95            [1]
                                  92            [1]
                                  90            [1]
                                  89            [1]
                                  88            [1]
                                  87            [1]
                                  86            [1]
                                  85            [1]
                                  84            [1]
                                  83            [1]
                                  82            [1]
                                  81            [1]
                                  80            [1]
                                  79            [1]
                                  78            [1]
                                  77            [1]
                                  76            [1]
                                  75            [1]
                                  74            [1]
                                  73            [1]
                                  72            [1]
                                  71            [1]
                                  70            [1]
                                  69            [1]
                                  68            [1]
                                  67            [1]
                                  66            [1]
                                  65            [1]
                                  64            [1]
                                  63            [1]
                                  62            [1]
                                  61            [1]
                                  60            [1]
                                  59            [1]
                                  58            [1]
                                  57            [1]
                                  56            [1]
                                  55            [1]
                                  54            [1]
                                  53            [1]
                                  52            [1]
                                  51            [1]
                                  50            [1][2]
                                  49            [1]
                                  48            [1][2]
                                  47            [1]
                                  46            [1][2]
                                  45            [1]
                                  44            [1][2]
                                  43            [1]
                                  42            [1][2]
                                  41            [1]
                                  40            [1][2]
                                  39            [1]
                                  38            [1][2]
                                  37            [1]
                                  36            [1][2]
                                  35            [1]
                                  33            [1]
                                  32            [1]
                                  31            [1]
                                  30            [1][2]
                                  29            [1]
                                  28            [1]
                                  27            [1]
                                  26            [1]
                                  25            [1]
                                  24            [1]
                                  23            [1]
                                  22            [1]
                                  21            [1]
                                  20            [1]
                                  19            [1]
                                  18            [1]
                                  17            [1]
                                  16            [1]
                                  15            [1]
                                  14            [1]
                                  13            [1]
                                  12            [1]
                                  11            [1]
                                  10            [1]
                                   9            [1]
                                   8            [1]
                                   7            [1]
                                   6            [1]
                                   5            [1]
                                   4            [1]
                                   3            [1]
                                   2            [1]
                                   0            

ff: found legal plan as follows
规划长度：139

var_size: 12739

当前收集的断言数：4202

1
找到反例！


第27次迭代
当前初始状态:
F:3 U:54
num_Or:436
参数大于2的OR: 
(AT N30) (AT N29) (AT N28) (AT N27) (AT N26) (AT N25) (AT N24) (AT N23) (AT N22) (AT N21) (AT N20) (AT N19) (AT N18) (AT N17) (AT N15) (AT N14) (AT N13) (AT N12) (AT N11) (AT N9) (AT N8) (AT N7) (AT N5) (AT N4) (AT N3) (AT N2) (AT N1) 
H:279


Cueing down from goal distance:  279 into depth [1]
                                 278            [1]
                                 277            [1]
                                 276            [1]
                                 275            [1]
                                 274            [1]
                                 273            [1]
                                 272            [1]
                                 271            [1]
                                 270            [1]
                                 269            [1]
                                 268            [1]
                                 267            [1]
                                 266            [1]
                                 265            [1]
                                 264            [1]
                                 263            [1]
                                 262            [1]
                                 261            [1]
                                 260            [1]
                                 259            [1]
                                 258            [1]
                                 257            [1]
                                 256            [1]
                                 255            [1]
                                 254            [1]
                                 253            [1]
                                 252            [1]
                                 225            [1]
                                 223            [1]
                                 198            [1]
                                 196            [1]
                                 173            [1]
                                 171            [1]
                                 150            [1]
                                 148            [1]
                                 129            [1]
                                 127            [1]
                                 110            [1]
                                 107            [1]
                                  91            [1]
                                  85            [1]
                                  80            [1]
                                  76            [1]
                                  73            [1]
                                  72            [1]
                                  71            [1]
                                  70            [1]
                                  69            [1]
                                  68            [1]
                                  67            [1]
                                  66            [1]
                                  65            [1]
                                  64            [1]
                                  63            [1]
                                  62            [1]
                                  61            [1]
                                  60            [1]
                                  59            [1]
                                  58            [1]
                                  57            [1]
                                  56            [1]
                                  55            [1]
                                  54            [1]
                                  53            [1]
                                  52            [1]
                                  51            [1]
                                  50            [1]
                                  49            [1]
                                  48            [1]
                                  47            [1]
                                  46            [1][2]
                                  45            [1]
                                  44            [1][2]
                                  43            [1]
                                  42            [1][2]
                                  41            [1]
                                  40            [1][2]
                                  39            [1]
                                  38            [1][2]
                                  37            [1]
                                  36            [1][2]
                                  35            [1]
                                  33            [1]
                                  32            [1]
                                  31            [1]
                                  30            [1][2]
                                  29            [1]
                                  28            [1]
                                  27            [1]
                                  26            [1]
                                  25            [1]
                                  24            [1]
                                  23            [1]
                                  22            [1]
                                  21            [1]
                                  20            [1]
                                  19            [1]
                                  18            [1]
                                  17            [1]
                                  16            [1]
                                  15            [1]
                                  14            [1]
                                  13            [1]
                                  12            [1]
                                  11            [1]
                                  10            [1]
                                   9            [1]
                                   8            [1]
                                   7            [1]
                                   6            [1]
                                   5            [1]
                                   4            [1]
                                   3            [1]
                                   2            [1]
                                   0            

ff: found legal plan as follows
规划长度：122

var_size: 11192

当前收集的断言数：3692

1
找到反例！


第28次迭代
当前初始状态:
F:2 U:56
num_Or:436
参数大于2的OR: 
(AT N30) (AT N29) (AT N28) (AT N27) (AT N26) (AT N25) (AT N24) (AT N23) (AT N22) (AT N21) (AT N20) (AT N19) (AT N18) (AT N17) (AT N15) (AT N14) (AT N13) (AT N12) (AT N11) (AT N9) (AT N8) (AT N7) (AT N6) (AT N5) (AT N4) (AT N3) (AT N2) (AT N1) 
H:290


Cueing down from goal distance:  290 into depth [1]
                                 289            [1]
                                 288            [1]
                                 287            [1]
                                 286            [1]
                                 285            [1]
                                 284            [1]
                                 283            [1]
                                 282            [1]
                                 281            [1]
                                 280            [1]
                                 279            [1]
                                 278            [1]
                                 277            [1]
                                 276            [1]
                                 275            [1]
                                 274            [1]
                                 273            [1]
                                 272            [1]
                                 271            [1]
                                 270            [1]
                                 269            [1]
                                 268            [1]
                                 267            [1]
                                 266            [1]
                                 265            [1]
                                 264            [1]
                                 263            [1]
                                 262            [1]
                                 234            [1]
                                 232            [1]
                                 206            [1]
                                 204            [1]
                                 180            [1]
                                 178            [1]
                                 156            [1]
                                 154            [1]
                                 134            [1]
                                 132            [1]
                                 114            [1]
                                 111            [1]
                                  94            [1]
                                  88            [1]
                                  83            [1]
                                  79            [1]
                                  76            [1]
                                  75            [1]
                                  74            [1]
                                  73            [1]
                                  72            [1]
                                  71            [1]
                                  70            [1]
                                  69            [1]
                                  68            [1]
                                  67            [1]
                                  66            [1]
                                  65            [1]
                                  64            [1]
                                  63            [1]
                                  62            [1]
                                  61            [1]
                                  60            [1]
                                  59            [1]
                                  58            [1]
                                  57            [1]
                                  56            [1]
                                  55            [1]
                                  54            [1]
                                  53            [1]
                                  52            [1]
                                  51            [1]
                                  50            [1]
                                  49            [1]
                                  48            [1]
                                  47            [1]
                                  46            [1][2]
                                  45            [1]
                                  44            [1][2]
                                  43            [1]
                                  42            [1][2]
                                  41            [1]
                                  40            [1][2]
                                  39            [1]
                                  38            [1][2]
                                  37            [1]
                                  36            [1][2]
                                  35            [1]
                                  33            [1]
                                  32            [1]
                                  31            [1]
                                  30            [1][2]
                                  29            [1]
                                  28            [1]
                                  27            [1]
                                  26            [1]
                                  25            [1]
                                  24            [1]
                                  23            [1]
                                  22            [1]
                                  21            [1]
                                  20            [1]
                                  19            [1]
                                  18            [1]
                                  17            [1]
                                  16            [1]
                                  15            [1]
                                  14            [1]
                                  13            [1]
                                  12            [1]
                                  11            [1]
                                  10            [1]
                                   9            [1]
                                   8            [1]
                                   7            [1]
                                   6            [1]
                                   5            [1]
                                   4            [1]
                                   3            [1]
                                   2            [1]
                                   0            

ff: found legal plan as follows
规划长度：126

var_size: 11556

当前收集的断言数：3812

1
找到反例！


第29次迭代
当前初始状态:
F:1 U:58
num_Or:436
参数大于2的OR: 
(AT N30) (AT N29) (AT N28) (AT N27) (AT N26) (AT N25) (AT N24) (AT N23) (AT N22) (AT N21) (AT N20) (AT N19) (AT N18) (AT N17) (AT N15) (AT N14) (AT N13) (AT N12) (AT N11) (AT N10) (AT N9) (AT N8) (AT N7) (AT N6) (AT N5) (AT N4) (AT N3) (AT N2) (AT N1) 
H:297


Cueing down from goal distance:  297 into depth [1]
                                 296            [1]
                                 295            [1]
                                 294            [1]
                                 293            [1]
                                 292            [1]
                                 291            [1]
                                 290            [1]
                                 289            [1]
                                 288            [1]
                                 287            [1]
                                 286            [1]
                                 285            [1]
                                 284            [1]
                                 283            [1]
                                 282            [1]
                                 281            [1]
                                 280            [1]
                                 279            [1]
                                 278            [1]
                                 277            [1]
                                 276            [1]
                                 275            [1]
                                 274            [1]
                                 273            [1]
                                 272            [1]
                                 271            [1]
                                 270            [1]
                                 269            [1]
                                 268            [1]
                                 239            [1]
                                 237            [1]
                                 210            [1]
                                 208            [1]
                                 183            [1]
                                 181            [1]
                                 158            [1]
                                 156            [1]
                                 135            [1]
                                 133            [1]
                                 114            [1]
                                 112            [1]
                                  95            [1]
                                  89            [1]
                                  84            [1]
                                  80            [1]
                                  77            [1]
                                  75            [1]
                                  74            [1]
                                  73            [1]
                                  72            [1]
                                  71            [1]
                                  70            [1]
                                  69            [1]
                                  68            [1]
                                  67            [1]
                                  66            [1]
                                  65            [1]
                                  64            [1]
                                  63            [1]
                                  62            [1]
                                  61            [1]
                                  60            [1]
                                  59            [1]
                                  58            [1]
                                  57            [1]
                                  56            [1]
                                  55            [1]
                                  54            [1]
                                  53            [1]
                                  52            [1]
                                  51            [1]
                                  50            [1]
                                  49            [1]
                                  48            [1]
                                  47            [1]
                                  46            [1][2]
                                  45            [1]
                                  44            [1][2]
                                  43            [1]
                                  42            [1][2]
                                  41            [1]
                                  40            [1][2]
                                  39            [1]
                                  38            [1][2]
                                  37            [1]
                                  36            [1][2]
                                  35            [1]
                                  33            [1]
                                  32            [1]
                                  31            [1]
                                  30            [1][2]
                                  29            [1]
                                  28            [1]
                                  27            [1]
                                  26            [1]
                                  25            [1]
                                  24            [1]
                                  23            [1]
                                  22            [1]
                                  21            [1]
                                  20            [1]
                                  19            [1]
                                  18            [1]
                                  17            [1]
                                  16            [1]
                                  15            [1]
                                  14            [1]
                                  13            [1]
                                  12            [1]
                                  11            [1]
                                  10            [1]
                                   9            [1]
                                   8            [1]
                                   7            [1]
                                   6            [1]
                                   5            [1]
                                   4            [1]
                                   3            [1]
                                   2            [1]
                                   0            

ff: found legal plan as follows
规划长度：127

var_size: 11647

当前收集的断言数：3842

1
找到反例！


第30次迭代
当前初始状态:
F:0 U:60
num_Or:436
参数大于2的OR: 
(AT N30) (AT N29) (AT N28) (AT N27) (AT N26) (AT N25) (AT N24) (AT N23) (AT N22) (AT N21) (AT N20) (AT N19) (AT N18) (AT N17) (AT N16) (AT N15) (AT N14) (AT N13) (AT N12) (AT N11) (AT N10) (AT N9) (AT N8) (AT N7) (AT N6) (AT N5) (AT N4) (AT N3) (AT N2) (AT N1) 
H:299


Cueing down from goal distance:  299 into depth [1]
                                 298            [1]
                                 297            [1]
                                 296            [1]
                                 295            [1]
                                 294            [1]
                                 293            [1]
                                 292            [1]
                                 291            [1]
                                 290            [1]
                                 289            [1]
                                 288            [1]
                                 287            [1]
                                 286            [1]
                                 285            [1]
                                 284            [1]
                                 283            [1]
                                 282            [1]
                                 281            [1]
                                 280            [1]
                                 279            [1]
                                 278            [1]
                                 277            [1]
                                 276            [1]
                                 275            [1]
                                 274            [1]
                                 273            [1]
                                 272            [1]
                                 271            [1]
                                 270            [1]
                                 269            [1]
                                 240            [1]
                                 239            [1]
                                 212            [1]
                                 211            [1]
                                 186            [1]
                                 185            [1]
                                 162            [1]
                                 161            [1]
                                 140            [1]
                                 139            [1]
                                 120            [1]
                                 119            [1]
                                 102            [1]
                                 101            [1]
                                  86            [1]
                                  85            [1]
                                  72            [1]
                                  71            [1]
                                  60            [1]
                                  59            [1]
                                  50            [1]
                                  49            [1]
                                  42            [1]
                                  41            [1]
                                  36            [1]
                                  35            [1]
                                  32            [1]
                                  31            [1]
                                  30            [1][2]
                                  29            [1]
                                  28            [1]
                                  27            [1]
                                  26            [1]
                                  25            [1]
                                  24            [1]
                                  23            [1]
                                  22            [1]
                                  21            [1]
                                  20            [1]
                                  19            [1]
                                  18            [1]
                                  17            [1]
                                  16            [1]
                                  15            [1]
                                  14            [1]
                                  13            [1]
                                  12            [1]
                                  11            [1]
                                  10            [1]
                                   9            [1]
                                   8            [1]
                                   7            [1]
                                   6            [1]
                                   5            [1]
                                   4            [1]
                                   3            [1]
                                   2            [1]
                                   0            

ff: found legal plan as follows
规划长度：89

var_size: 8189

当前收集的断言数：2702

-1
unsat
没有反例，找到最终解！




ff: found legal plan as follows

step    0: START N16
        1: START N15
        2: START N30
        3: START N29
        4: START N28
        5: START N27
        6: START N26
        7: START N25
        8: START N24
        9: START N23
       10: START N22
       11: START N21
       12: START N20
       13: START N19
       14: START N18
       15: START N17
       16: START N14
       17: START N13
       18: START N12
       19: START N11
       20: START N10
       21: START N9
       22: START N8
       23: START N7
       24: START N6
       25: START N5
       26: START N4
       27: START N3
       28: START N2
       29: START N1
       30: TRAVEL N30 N29
       31: TRAVEL N29 N28
       32: TRAVEL N28 N27
       33: TRAVEL N27 N26
       34: TRAVEL N26 N25
       35: TRAVEL N25 N24
       36: TRAVEL N24 N23
       37: TRAVEL N23 N22
       38: TRAVEL N22 N21
       39: TRAVEL N21 N20
       40: TRAVEL N20 N19
       41: TRAVEL N19 N18
       42: TRAVEL N18 N17
       43: TRAVEL N17 N16
       44: TRAVEL N16 N15
       45: TRAVEL N15 N14
       46: TRAVEL N14 N13
       47: TRAVEL N13 N12
       48: TRAVEL N12 N11
       49: TRAVEL N11 N10
       50: TRAVEL N10 N9
       51: TRAVEL N9 N8
       52: TRAVEL N8 N7
       53: TRAVEL N7 N6
       54: TRAVEL N6 N5
       55: TRAVEL N5 N4
       56: TRAVEL N4 N3
       57: TRAVEL N3 N2
       58: TRAVEL N1 N2
       59: TRAVEL N2 N1
       60: TRAVEL N1 N2
       61: TRAVEL N2 N3
       62: TRAVEL N3 N4
       63: TRAVEL N4 N5
       64: TRAVEL N5 N6
       65: TRAVEL N6 N7
       66: TRAVEL N7 N8
       67: TRAVEL N8 N9
       68: TRAVEL N9 N10
       69: TRAVEL N10 N11
       70: TRAVEL N11 N12
       71: TRAVEL N12 N13
       72: TRAVEL N13 N14
       73: TRAVEL N14 N15
       74: TRAVEL N15 N16
       75: TRAVEL N16 N17
       76: TRAVEL N17 N18
       77: TRAVEL N18 N19
       78: TRAVEL N19 N20
       79: TRAVEL N20 N21
       80: TRAVEL N21 N22
       81: TRAVEL N22 N23
       82: TRAVEL N23 N24
       83: TRAVEL N24 N25
       84: TRAVEL N25 N26
       85: TRAVEL N26 N27
       86: TRAVEL N27 N28
       87: TRAVEL N28 N29
       88: TRAVEL N29 N30
     

statistics:    0.00 seconds instantiating 930 easy, 0 hard action templates
               0.01 seconds reachability analysis, yielding 91 facts and 930 actions
               0.00 seconds creating final representation with 91 relevant facts (91 max U, 61 CNF max U)
               0.00 seconds building connectivity graph
             272.77 seconds ( 263.54 pure) evaluating 5909 states, to a max depth of 15
               9.23 seconds in DP for 3361914 RPG ini state implication checks
               0.00 seconds in DP for 0 RPlan extract ini state implication checks (0 lits removed)
               0.15 seconds generating,    0.12 seconds encoding 72108 state transition base CNFs
               3.07 seconds in DP solving 62331 state transition CNFs
               0.00 seconds checking for self-contradictions, including 0 DP calls
               1.39 seconds checking for stagnating states (47082 hits), including 1695374 DP calls
               0.94 seconds altogether checking for dominated states making 1458 comparisons (367 conformant, 367 hits),
                    spending    0.63 seconds doing 10249 DP calls
            5129868 total DP calls, 25207175 total UP calls,    0.17 sec membership
               0.92 seconds for remaining searching duties
             279.37 seconds total time (+    0.58 secs for CNF memory allocation)

初始目标状态
Fold:0 Uold:60
num_Orold:436
参数大于2的OR: 
(AT N30) (AT N29) (AT N28) (AT N27) (AT N26) (AT N25) (AT N24) (AT N23) (AT N22) (AT N21) (AT N20) (AT N19) (AT N18) (AT N17) (AT N16) (AT N15) (AT N14) (AT N13) (AT N12) (AT N11) (AT N10) (AT N9) (AT N8) (AT N7) (AT N6) (AT N5) (AT N4) (AT N3) (AT N2) (AT N1) 


当前反例添加的目标状态
Fcur:0 Ucur:60
num_Orcur:436
参数大于2的OR: 
(AT N30) (AT N29) (AT N28) (AT N27) (AT N26) (AT N25) (AT N24) (AT N23) (AT N22) (AT N21) (AT N20) (AT N19) (AT N18) (AT N17) (AT N16) (AT N15) (AT N14) (AT N13) (AT N12) (AT N11) (AT N10) (AT N9) (AT N8) (AT N7) (AT N6) (AT N5) (AT N4) (AT N3) (AT N2) (AT N1) 


counter_time:20.76
plan length:89
iteration:30
now_time:302.24478772695875
