                                  70            [1][2]
                                  69            [1]
                                  68            [1][2]
                                  67            [1]
                                  66            [1][2]
                                  65            [1]
                                  64            [1][2]
                                  63            [1]
                                  62            [1][2]
                                  61            [1]
                                  60            [1][2]
                                  59            [1]
                                  58            [1][2]
                                  57            [1]
                                  56            [1][2]
                                  55            [1]
                                  53            [1]
                                  52            [1]
                                  51            [1]
                                  50            [1][2]
                                  49            [1]
                                  48            [1]
                                  47            [1]
                                  46            [1]
                                  45            [1]
                                  44            [1]
                                  43            [1]
                                  42            [1]
                                  41            [1]
                                  40            [1]
                                  39            [1]
                                  38            [1]
                                  37            [1]
                                  36            [1]
                                  35            [1]
                                  34            [1]
                                  33            [1]
                                  32            [1]
                                  31            [1]
                                  30            [1]
                                  29            [1]
                                  28            [1]
                                  27            [1]
                                  26            [1]
                                  25            [1]
                                  24            [1]
                                  23            [1]
                                  22            [1]
                                  21            [1]
                                  20            [1]
                                  19            [1]
                                  18            [1]
                                  17            [1]
                                  16            [1]
                                  15            [1]
                                  14            [1]
                                  13            [1]
                                  12            [1]
                                  11            [1]
                                  10            [1]
                                   9            [1]
                                   8            [1]
                                   7            [1]
                                   6            [1]
                                   5            [1]
                                   4            [1]
                                   3            [1]
                                   2            [1]
                                   0            

ff: found legal plan as follows
规划长度：258

var_size: 39108

当前收集的断言数：12952

1
找到反例！


第19次迭代
当前初始状态:
F:31 U:38
num_Or:1226
参数大于2的OR: 
(AT N50) (AT N49) (AT N48) (AT N47) (AT N46) (AT N45) (AT N35) (AT N34) (AT N32) (AT N16) (AT N14) (AT N13) (AT N12) (AT N10) (AT N5) (AT N4) (AT N3) (AT N2) (AT N1) 
H:409


Cueing down from goal distance:  409 into depth [1]
                                 408            [1]
                                 407            [1]
                                 406            [1]
                                 405            [1]
                                 404            [1]
                                 403            [1]
                                 402            [1]
                                 401            [1]
                                 400            [1]
                                 399            [1]
                                 398            [1]
                                 397            [1]
                                 396            [1]
                                 395            [1]
                                 394            [1]
                                 393            [1]
                                 392            [1]
                                 391            [1]
                                 390            [1]
                                 356            [1]
                                 338            [1]
                                 305            [1]
                                 286            [1]
                                 254            [1]
                                 242            [1]
                                 241            [1]
                                 231            [1]
                                 230            [1]
                                 229            [1]
                                 228            [1]
                                 227            [1]
                                 226            [1]
                                 225            [1]
                                 224            [1]
                                 223            [1]
                                 222            [1]
                                 221            [1]
                                 220            [1]
                                 219            [1]
                                 218            [1]
                                 217            [1]
                                 216            [1]
                                 215            [1]
                                 214            [1]
                                 213            [1]
                                 212            [1]
                                 211            [1]
                                 210            [1]
                                 209            [1]
                                 208            [1]
                                 207            [1]
                                 206            [1]
                                 205            [1]
                                 204            [1]
                                 203            [1]
                                 202            [1]
                                 201            [1]
                                 200            [1]
                                 199            [1]
                                 198            [1]
                                 197            [1]
                                 196            [1]
                                 195            [1]
                                 194            [1]
                                 193            [1]
                                 192            [1]
                                 191            [1]
                                 190            [1]
                                 189            [1]
                                 188            [1]
                                 187            [1]
                                 186            [1]
                                 185            [1]
                                 184            [1]
                                 183            [1]
                                 182            [1]
                                 181            [1]
                                 180            [1]
                                 179            [1]
                                 178            [1]
                                 177            [1]
                                 176            [1]
                                 175            [1]
                                 174            [1]
                                 173            [1]
                                 172            [1]
                                 171            [1]
                                 170            [1]
                                 169            [1]
                                 168            [1]
                                 167            [1]
                                 166            [1]
                                 165            [1]
                                 164            [1]
                                 163            [1]
                                 162            [1]
                                 161            [1]
                                 160            [1]
                                 159            [1]
                                 158            [1]
                                 157            [1]
                                 156            [1]
                                 155            [1]
                                 154            [1]
                                 153            [1]
                                 152            [1]
                                 151            [1]
                                 150            [1]
                                 149            [1]
                                 148            [1]
                                 147            [1]
                                 146            [1]
                                 145            [1]
                                 144            [1]
                                 143            [1]
                                 142            [1]
                                 141            [1]
                                 140            [1]
                                 139            [1]
                                 138            [1]
                                 137            [1]
                                 136            [1]
                                 135            [1]
                                 134            [1]
                                 133            [1]
                                 132            [1]
                                 131            [1]
                                 130            [1]
                                 129            [1]
                                 128            [1]
                                 127            [1]
                                 126            [1]
                                 125            [1]
                                 124            [1]
                                 123            [1]
                                 122            [1]
                                 121            [1]
                                 120            [1]
                                 119            [1]
                                 118            [1]
                                 117            [1]
                                 116            [1]
                                 115            [1]
                                 114            [1]
                                 113            [1]
                                 112            [1]
                                 111            [1]
                                 110            [1]
                                 109            [1]
                                 108            [1]
                                 107            [1]
                                 106            [1]
                                 105            [1]
                                 104            [1]
                                 103            [1]
                                 102            [1]
                                 101            [1]
                                 100            [1]
                                  99            [1]
                                  98            [1]
                                  97            [1]
                                  96            [1]
                                  95            [1]
                                  94            [1][2]
                                  93            [1]
                                  92            [1][2]
                                  91            [1]
                                  90            [1][2]
                                  89            [1]
                                  88            [1][2]
                                  87            [1]
                                  86            [1][2]
                                  85            [1]
                                  84            [1][2]
                                  83            [1]
                                  82            [1][2]
                                  81            [1]
                                  80            [1][2]
                                  79            [1]
                                  78            [1][2]
                                  77            [1]
                                  76            [1][2]
                                  75            [1]
                                  74            [1][2]
                                  73            [1]
                                  72            [1][2]
                                  71            [1]
                                  70            [1][2]
                                  69            [1]
                                  68            [1][2]
                                  67            [1]
                                  66            [1][2]
                                  65            [1]
                                  64            [1][2]
                                  63            [1]
                                  62            [1][2]
                                  61            [1]
                                  60            [1][2]
                                  59            [1]
                                  58            [1][2]
                                  57            [1]
                                  56            [1][2]
                                  55            [1]
                                  53            [1]
                                  52            [1]
                                  51            [1]
                                  50            [1][2]
                                  49            [1]
                                  48            [1]
                                  47            [1]
                                  46            [1]
                                  45            [1]
                                  44            [1]
                                  43            [1]
                                  42            [1]
                                  41            [1]
                                  40            [1]
                                  39            [1]
                                  38            [1]
                                  37            [1]
                                  36            [1]
                                  35            [1]
                                  34            [1]
                                  33            [1]
                                  32            [1]
                                  31            [1]
                                  30            [1]
                                  29            [1]
                                  28            [1]
                                  27            [1]
                                  26            [1]
                                  25            [1]
                                  24            [1]
                                  23            [1]
                                  22            [1]
                                  21            [1]
                                  20            [1]
                                  19            [1]
                                  18            [1]
                                  17            [1]
                                  16            [1]
                                  15            [1]
                                  14            [1]
                                  13            [1]
                                  12            [1]
                                  11            [1]
                                  10            [1]
                                   9            [1]
                                   8            [1]
                                   7            [1]
                                   6            [1]
                                   5            [1]
                                   4            [1]
                                   3            [1]
                                   2            [1]
                                   0            

ff: found legal plan as follows
规划长度：277

var_size: 41977

当前收集的断言数：13902

1
找到反例！


第20次迭代
当前初始状态:
F:30 U:40
num_Or:1226
参数大于2的OR: 
(AT N50) (AT N49) (AT N48) (AT N47) (AT N46) (AT N45) (AT N42) (AT N35) (AT N34) (AT N32) (AT N16) (AT N14) (AT N13) (AT N12) (AT N10) (AT N5) (AT N4) (AT N3) (AT N2) (AT N1) 
H:427


Cueing down from goal distance:  427 into depth [1]
                                 426            [1]
                                 425            [1]
                                 424            [1]
                                 423            [1]
                                 422            [1]
                                 421            [1]
                                 420            [1]
                                 419            [1]
                                 418            [1]
                                 417            [1]
                                 416            [1]
                                 415            [1]
                                 414            [1]
                                 413            [1]
                                 412            [1]
                                 411            [1]
                                 410            [1]
                                 409            [1]
                                 408            [1]
                                 407            [1]
                                 373            [1]
                                 356            [1]
                                 323            [1]
                                 305            [1]
                                 273            [1]
                                 272            [1]
                                 271            [1]
                                 270            [1]
                                 269            [1]
                                 268            [1]
                                 267            [1]
                                 254            [1]
                                 242            [1]
                                 241            [1]
                                 231            [1]
                                 230            [1]
                                 229            [1]
                                 228            [1]
                                 227            [1]
                                 226            [1]
                                 225            [1]
                                 224            [1]
                                 223            [1]
                                 222            [1]
                                 221            [1]
                                 220            [1]
                                 219            [1]
                                 218            [1]
                                 217            [1]
                                 216            [1]
                                 215            [1]
                                 214            [1]
                                 213            [1]
                                 212            [1]
                                 211            [1]
                                 210            [1]
                                 209            [1]
                                 208            [1]
                                 207            [1]
                                 206            [1]
                                 205            [1]
                                 204            [1]
                                 203            [1]
                                 202            [1]
                                 201            [1]
                                 200            [1]
                                 199            [1]
                                 198            [1]
                                 197            [1]
                                 196            [1]
                                 195            [1]
                                 194            [1]
                                 193            [1]
                                 192            [1]
                                 191            [1]
                                 190            [1]
                                 189            [1]
                                 188            [1]
                                 187            [1]
                                 186            [1]
                                 185            [1]
                                 184            [1]
                                 183            [1]
                                 182            [1]
                                 181            [1]
                                 180            [1]
                                 179            [1]
                                 178            [1]
                                 177            [1]
                                 176            [1]
                                 175            [1]
                                 174            [1]
                                 173            [1]
                                 172            [1]
                                 171            [1]
                                 170            [1]
                                 169            [1]
                                 168            [1]
                                 167            [1]
                                 166            [1]
                                 165            [1]
                                 164            [1]
                                 163            [1]
                                 162            [1]
                                 161            [1]
                                 160            [1]
                                 159            [1]
                                 158            [1]
                                 157            [1]
                                 156            [1]
                                 155            [1]
                                 154            [1]
                                 153            [1]
                                 152            [1]
                                 151            [1]
                                 150            [1]
                                 149            [1]
                                 148            [1]
                                 147            [1]
                                 146            [1]
                                 145            [1]
                                 144            [1]
                                 143            [1]
                                 142            [1]
                                 141            [1]
                                 140            [1]
                                 139            [1]
                                 138            [1]
                                 137            [1]
                                 136            [1]
                                 135            [1]
                                 134            [1]
                                 133            [1]
                                 132            [1]
                                 131            [1]
                                 130            [1]
                                 129            [1]
                                 128            [1]
                                 127            [1]
                                 126            [1]
                                 125            [1]
                                 124            [1]
                                 123            [1]
                                 122            [1]
                                 121            [1]
                                 120            [1]
                                 119            [1]
                                 118            [1]
                                 117            [1]
                                 116            [1]
                                 115            [1]
                                 114            [1]
                                 113            [1]
                                 112            [1]
                                 111            [1]
                                 110            [1]
                                 109            [1]
                                 108            [1]
                                 107            [1]
                                 106            [1]
                                 105            [1]
                                 104            [1]
                                 103            [1]
                                 102            [1]
                                 101            [1]
                                 100            [1]
                                  99            [1]
                                  98            [1]
                                  97            [1]
                                  96            [1]
                                  95            [1]
                                  94            [1][2]
                                  93            [1]
                                  92            [1][2]
                                  91            [1]
                                  90            [1][2]
                                  89            [1]
                                  88            [1][2]
                                  87            [1]
                                  86            [1][2]
                                  85            [1]
                                  84            [1][2]
                                  83            [1]
                                  82            [1][2]
                                  81            [1]
                                  80            [1][2]
                                  79            [1]
                                  78            [1][2]
                                  77            [1]
                                  76            [1][2]
                                  75            [1]
                                  74            [1][2]
                                  73            [1]
                                  72            [1][2]
                                  71            [1]
                                  70            [1][2]
                                  69            [1]
                                  68            [1][2]
                                  67            [1]
                                  66            [1][2]
                                  65            [1]
                                  64            [1][2]
                                  63            [1]
                                  62            [1][2]
                                  61            [1]
                                  60            [1][2]
                                  59            [1]
                                  58            [1][2]
                                  57            [1]
                                  56            [1][2]
                                  55            [1]
                                  53            [1]
                                  52            [1]
                                  51            [1]
                                  50            [1][2]
                                  49            [1]
                                  48            [1]
                                  47            [1]
                                  46            [1]
                                  45            [1]
                                  44            [1]
                                  43            [1]
                                  42            [1]
                                  41            [1]
                                  40            [1]
                                  39            [1]
                                  38            [1]
                                  37            [1]
                                  36            [1]
                                  35            [1]
                                  34            [1]
                                  33            [1]
                                  32            [1]
                                  31            [1]
                                  30            [1]
                                  29            [1]
                                  28            [1]
                                  27            [1]
                                  26            [1]
                                  25            [1]
                                  24            [1]
                                  23            [1]
                                  22            [1]
                                  21            [1]
                                  20            [1]
                                  19            [1]
                                  18            [1]
                                  17            [1]
                                  16            [1]
                                  15            [1]
                                  14            [1]
                                  13            [1]
                                  12            [1]
                                  11            [1]
                                  10            [1]
                                   9            [1]
                                   8            [1]
                                   7            [1]
                                   6            [1]
                                   5            [1]
                                   4            [1]
                                   3            [1]
                                   2            [1]
                                   0            

ff: found legal plan as follows
规划长度：285

var_size: 43185

当前收集的断言数：14302

1
找到反例！


第21次迭代
当前初始状态:
F:29 U:42
num_Or:1226
参数大于2的OR: 
(AT N50) (AT N49) (AT N48) (AT N47) (AT N46) (AT N45) (AT N42) (AT N35) (AT N34) (AT N32) (AT N16) (AT N14) (AT N13) (AT N12) (AT N10) (AT N9) (AT N5) (AT N4) (AT N3) (AT N2) (AT N1) 
H:445


Cueing down from goal distance:  445 into depth [1]
                                 444            [1]
                                 443            [1]
                                 442            [1]
                                 441            [1]
                                 440            [1]
                                 439            [1]
                                 438            [1]
                                 437            [1]
                                 436            [1]
                                 435            [1]
                                 434            [1]
                                 433            [1]
                                 432            [1]
                                 431            [1]
                                 430            [1]
                                 429            [1]
                                 428            [1]
                                 427            [1]
                                 426            [1]
                                 425            [1]
                                 424            [1]
                                 389            [1]
                                 372            [1]
                                 338            [1]
                                 320            [1]
                                 287            [1]
                                 286            [1]
                                 285            [1]
                                 284            [1]
                                 283            [1]
                                 282            [1]
                                 281            [1]
                                 268            [1]
                                 256            [1]
                                 255            [1]
                                 245            [1]
                                 244            [1]
                                 243            [1]
                                 242            [1]
                                 241            [1]
                                 240            [1]
                                 239            [1]
                                 238            [1]
                                 237            [1]
                                 236            [1]
                                 235            [1]
                                 234            [1]
                                 233            [1]
                                 232            [1]
                                 231            [1]
                                 230            [1]
                                 229            [1]
                                 228            [1]
                                 227            [1]
                                 226            [1]
                                 225            [1]
                                 224            [1]
                                 223            [1]
                                 222            [1]
                                 221            [1]
                                 220            [1]
                                 219            [1]
                                 218            [1]
                                 217            [1]
                                 216            [1]
                                 215            [1]
                                 214            [1]
                                 213            [1]
                                 212            [1]
                                 211            [1]
                                 210            [1]
                                 209            [1]
                                 208            [1]
                                 207            [1]
                                 206            [1]
                                 205            [1]
                                 204            [1]
                                 203            [1]
                                 202            [1]
                                 201            [1]
                                 200            [1]
                                 199            [1]
                                 198            [1]
                                 197            [1]
                                 196            [1]
                                 195            [1]
                                 194            [1]
                                 193            [1]
                                 192            [1]
                                 191            [1]
                                 190            [1]
                                 189            [1]
                                 188            [1]
                                 187            [1]
                                 186            [1]
                                 185            [1]
                                 184            [1]
                                 183            [1]
                                 182            [1]
                                 181            [1]
                                 180            [1]
                                 179            [1]
                                 178            [1]
                                 177            [1]
                                 176            [1]
                                 175            [1]
                                 174            [1]
                                 173            [1]
                                 172            [1]
                                 171            [1]
                                 170            [1]
                                 169            [1]
                                 168            [1]
                                 167            [1]
                                 166            [1]
                                 165            [1]
                                 164            [1]
                                 163            [1]
                                 162            [1]
                                 161            [1]
                                 160            [1]
                                 159            [1]
                                 158            [1]
                                 157            [1]
                                 156            [1]
                                 155            [1]
                                 154            [1]
                                 153            [1]
                                 152            [1]
                                 151            [1]
                                 150            [1]
                                 149            [1]
                                 148            [1]
                                 147            [1]
                                 146            [1]
                                 145            [1]
                                 144            [1]
                                 143            [1]
                                 142            [1]
                                 141            [1]
                                 140            [1]
                                 139            [1]
                                 138            [1]
                                 137            [1]
                                 136            [1]
                                 135            [1]
                                 134            [1]
                                 133            [1]
                                 132            [1]
                                 131            [1]
                                 130            [1]
                                 129            [1]
                                 128            [1]
                                 127            [1]
                                 126            [1]
                                 125            [1]
                                 124            [1]
                                 123            [1]
                                 122            [1]
                                 121            [1]
                                 120            [1]
                                 119            [1]
                                 118            [1]
                                 117            [1]
                                 116            [1]
                                 115            [1]
                                 114            [1]
                                 113            [1]
                                 112            [1]
                                 111            [1]
                                 110            [1]
                                 109            [1]
                                 108            [1]
                                 107            [1]
                                 106            [1]
                                 105            [1]
                                 104            [1]
                                 103            [1]
                                 102            [1]
                                 101            [1]
                                 100            [1]
                                  99            [1]
                                  98            [1]
                                  97            [1]
                                  96            [1]
                                  95            [1]
                                  94            [1][2]
                                  93            [1]
                                  92            [1][2]
                                  91            [1]
                                  90            [1][2]
                                  89            [1]
                                  88            [1][2]
                                  87            [1]
                                  86            [1][2]
                                  85            [1]
                                  84            [1][2]
                                  83            [1]
                                  82            [1][2]
                                  81            [1]
                                  80            [1][2]
                                  79            [1]
                                  78            [1][2]
                                  77            [1]
                                  76            [1][2]
                                  75            [1]
                                  74            [1][2]
                                  73            [1]
                                  72            [1][2]
                                  71            [1]
                                  70            [1][2]
                                  69            [1]
                                  68            [1][2]
                                  67            [1]
                                  66            [1][2]
                                  65            [1]
                                  64            [1][2]
                                  63            [1]
                                  62            [1][2]
                                  61            [1]
                                  60            [1][2]
                                  59            [1]
                                  58            [1][2]
                                  57            [1]
                                  56            [1][2]
                                  55            [1]
                                  53            [1]
                                  52            [1]
                                  51            [1]
                                  50            [1][2]
                                  49            [1]
                                  48            [1]
                                  47            [1]
                                  46            [1]
                                  45            [1]
                                  44            [1]
                                  43            [1]
                                  42            [1]
                                  41            [1]
                                  40            [1]
                                  39            [1]
                                  38            [1]
                                  37            [1]
                                  36            [1]
                                  35            [1]
                                  34            [1]
                                  33            [1]
                                  32            [1]
                                  31            [1]
                                  30            [1]
                                  29            [1]
                                  28            [1]
                                  27            [1]
                                  26            [1]
                                  25            [1]
                                  24            [1]
                                  23            [1]
                                  22            [1]
                                  21            [1]
                                  20            [1]
                                  19            [1]
                                  18            [1]
                                  17            [1]
                                  16            [1]
                                  15            [1]
                                  14            [1]
                                  13            [1]
                                  12            [1]
                                  11            [1]
                                  10            [1]
                                   9            [1]
                                   8            [1]
                                   7            [1]
                                   6            [1]
                                   5            [1]
                                   4            [1]
                                   3            [1]
                                   2            [1]
                                   0            

ff: found legal plan as follows
规划长度：300

var_size: 45450

当前收集的断言数：15052

1
找到反例！


第22次迭代
当前初始状态:
F:28 U:44
num_Or:1226
参数大于2的OR: 
(AT N50) (AT N49) (AT N48) (AT N47) (AT N46) (AT N45) (AT N42) (AT N35) (AT N34) (AT N32) (AT N16) (AT N14) (AT N13) (AT N12) (AT N11) (AT N10) (AT N9) (AT N5) (AT N4) (AT N3) (AT N2) (AT N1) 
H:461


Cueing down from goal distance:  461 into depth [1]
                                 460            [1]
                                 459            [1]
                                 458            [1]
                                 457            [1]
                                 456            [1]
                                 455            [1]
                                 454            [1]
                                 453            [1]
                                 452            [1]
                                 451            [1]
                                 450            [1]
                                 449            [1]
                                 448            [1]
                                 447            [1]
                                 446            [1]
                                 445            [1]
                                 444            [1]
                                 443            [1]
                                 442            [1]
                                 441            [1]
                                 440            [1]
                                 439            [1]
                                 403            [1]
                                 386            [1]
                                 351            [1]
                                 333            [1]
                                 299            [1]
                                 298            [1]
                                 297            [1]
                                 296            [1]
                                 295            [1]
                                 294            [1]
                                 293            [1]
                                 280            [1]
                                 268            [1]
                                 267            [1]
                                 257            [1]
                                 256            [1]
                                 255            [1]
                                 254            [1]
                                 253            [1]
                                 252            [1]
                                 251            [1]TimeOut
now_time:3600.053659350029
