                                 302            [1]
                                 269            [1]
                                 248            [1]
                                 243            [1]
                                 242            [1]
                                 241            [1]
                                 240            [1]
                                 239            [1]
                                 221            [1]
                                 204            [1]
                                 203            [1]
                                 202            [1]
                                 201            [1]
                                 200            [1]
                                 199            [1]
                                 198            [1]
                                 188            [1]
                                 179            [1]
                                 178            [1]
                                 171            [1]
                                 170            [1]
                                 165            [1]
                                 164            [1]
                                 163            [1]
                                 162            [1]
                                 161            [1]
                                 160            [1]
                                 159            [1]
                                 158            [1]
                                 157            [1]
                                 156            [1]
                                 155            [1]
                                 154            [1]
                                 153            [1]
                                 152            [1]
                                 151            [1]
                                 150            [1]
                                 149            [1]
                                 148            [1]
                                 147            [1]
                                 146            [1]
                                 145            [1]
                                 144            [1]
                                 143            [1]
                                 142            [1]
                                 141            [1]
                                 140            [1]
                                 139            [1]
                                 138            [1]
                                 137            [1]
                                 136            [1]
                                 135            [1]
                                 134            [1]
                                 133            [1]
                                 132            [1]
                                 131            [1]
                                 130            [1]
                                 129            [1]
                                 128            [1]
                                 127            [1]
                                 126            [1]
                                 125            [1]
                                 124            [1]
                                 123            [1]
                                 122            [1]
                                 121            [1]
                                 120            [1]
                                 119            [1]
                                 118            [1]
                                 117            [1]
                                 116            [1]
                                 115            [1]
                                 114            [1][2]
                                 113            [1]
                                 112            [1][2]
                                 111            [1]
                                 110            [1][2]
                                 109            [1]
                                 108            [1][2]
                                 107            [1]
                                 106            [1][2]
                                 105            [1]
                                 104            [1][2]
                                 103            [1]
                                 102            [1][2]
                                 101            [1]
                                 100            [1][2]
                                  99            [1]
                                  98            [1][2]
                                  97            [1]
                                  96            [1][2]
                                  95            [1]
                                  94            [1][2]
                                  93            [1]
                                  92            [1][2]
                                  91            [1]
                                  90            [1][2]
                                  89            [1]
                                  88            [1][2]
                                  87            [1]
                                  86            [1][2]
                                  85            [1]
                                  84            [1][2]
                                  83            [1]
                                  82            [1][2]
                                  81            [1]
                                  80            [1][2]
                                  79            [1]
                                  78            [1][2]
                                  77            [1]
                                  76            [1][2]
                                  75            [1]
                                  74            [1][2]
                                  73            [1]
                                  72            [1][2]
                                  71            [1]
                                  70            [1][2]
                                  69            [1]
                                  68            [1][2]
                                  67            [1]
                                  66            [1][2]
                                  65            [1]
                                  63            [1]
                                  62            [1]
                                  61            [1]
                                  60            [1][2]
                                  59            [1]
                                  58            [1]
                                  57            [1]
                                  56            [1]
                                  55            [1]
                                  54            [1]
                                  53            [1]
                                  52            [1]
                                  51            [1]
                                  50            [1]
                                  49            [1]
                                  48            [1]
                                  47            [1]
                                  46            [1]
                                  45            [1]
                                  44            [1]
                                  43            [1]
                                  42            [1]
                                  41            [1]
                                  40            [1]
                                  39            [1]
                                  38            [1]
                                  37            [1]
                                  36            [1]
                                  35            [1]
                                  34            [1]
                                  33            [1]
                                  32            [1]
                                  31            [1]
                                  30            [1]
                                  29            [1]
                                  28            [1]
                                  27            [1]
                                  26            [1]
                                  25            [1]
                                  24            [1]
                                  23            [1]
                                  22            [1]
                                  21            [1]
                                  20            [1]
                                  19            [1]
                                  18            [1]
                                  17            [1]
                                  16            [1]
                                  15            [1]
                                  14            [1]
                                  13            [1]
                                  12            [1]
                                  11            [1]
                                  10            [1]
                                   9            [1]
                                   8            [1]
                                   7            [1]
                                   6            [1]
                                   5            [1]
                                   4            [1]
                                   3            [1]
                                   2            [1]
                                   0            

ff: found legal plan as follows
规划长度：229

var_size: 41629

当前收集的断言数：13802

1
找到反例！


第18次迭代
当前初始状态:
F:42 U:36
num_Or:1771
参数大于2的OR: 
(AT N60) (AT N59) (AT N58) (AT N57) (AT N56) (AT N50) (AT N45) (AT N44) (AT N37) (AT N36) (AT N34) (AT N32) (AT N31) (AT N28) (AT N25) (AT N7) (AT N5) (AT N1) 
H:375


Cueing down from goal distance:  375 into depth [1]
                                 374            [1]
                                 373            [1]
                                 372            [1]
                                 371            [1]
                                 370            [1]
                                 369            [1]
                                 368            [1]
                                 367            [1]
                                 366            [1]
                                 365            [1]
                                 364            [1]
                                 363            [1]
                                 362            [1]
                                 361            [1]
                                 360            [1]
                                 359            [1]
                                 358            [1]
                                 357            [1]
                                 323            [1]
                                 304            [1]
                                 271            [1]
                                 251            [1]
                                 246            [1]
                                 245            [1]
                                 244            [1]
                                 243            [1]
                                 242            [1]
                                 224            [1]
                                 207            [1]
                                 206            [1]
                                 205            [1]
                                 204            [1]
                                 203            [1]
                                 202            [1]
                                 201            [1]
                                 191            [1]
                                 182            [1]
                                 181            [1]
                                 174            [1]
                                 173            [1]
                                 168            [1]
                                 164            [1]
                                 163            [1]
                                 162            [1]
                                 161            [1]
                                 160            [1]
                                 159            [1]
                                 158            [1]
                                 157            [1]
                                 156            [1]
                                 155            [1]
                                 154            [1]
                                 153            [1]
                                 152            [1]
                                 151            [1]
                                 150            [1]
                                 149            [1]
                                 148            [1]
                                 147            [1]
                                 146            [1]
                                 145            [1]
                                 144            [1]
                                 143            [1]
                                 142            [1]
                                 141            [1]
                                 140            [1]
                                 139            [1]
                                 138            [1]
                                 137            [1]
                                 136            [1]
                                 135            [1]
                                 134            [1]
                                 133            [1]
                                 132            [1]
                                 131            [1]
                                 130            [1]
                                 129            [1]
                                 128            [1]
                                 127            [1]
                                 126            [1]
                                 125            [1]
                                 124            [1]
                                 123            [1]
                                 122            [1]
                                 121            [1]
                                 120            [1]
                                 119            [1]
                                 118            [1]
                                 117            [1]
                                 116            [1]
                                 115            [1]
                                 114            [1][2]
                                 113            [1]
                                 112            [1][2]
                                 111            [1]
                                 110            [1][2]
                                 109            [1]
                                 108            [1][2]
                                 107            [1]
                                 106            [1][2]
                                 105            [1]
                                 104            [1][2]
                                 103            [1]
                                 102            [1][2]
                                 101            [1]
                                 100            [1][2]
                                  99            [1]
                                  98            [1][2]
                                  97            [1]
                                  96            [1][2]
                                  95            [1]
                                  94            [1][2]
                                  93            [1]
                                  92            [1][2]
                                  91            [1]
                                  90            [1][2]
                                  89            [1]
                                  88            [1][2]
                                  87            [1]
                                  86            [1][2]
                                  85            [1]
                                  84            [1][2]
                                  83            [1]
                                  82            [1][2]
                                  81            [1]
                                  80            [1][2]
                                  79            [1]
                                  78            [1][2]
                                  77            [1]
                                  76            [1][2]
                                  75            [1]
                                  74            [1][2]
                                  73            [1]
                                  72            [1][2]
                                  71            [1]
                                  70            [1][2]
                                  69            [1]
                                  68            [1][2]
                                  67            [1]
                                  66            [1][2]
                                  65            [1]
                                  63            [1]
                                  62            [1]
                                  61            [1]
                                  60            [1][2]
                                  59            [1]
                                  58            [1]
                                  57            [1]
                                  56            [1]
                                  55            [1]
                                  54            [1]
                                  53            [1]
                                  52            [1]
                                  51            [1]
                                  50            [1]
                                  49            [1]
                                  48            [1]
                                  47            [1]
                                  46            [1]
                                  45            [1]
                                  44            [1]
                                  43            [1]
                                  42            [1]
                                  41            [1]
                                  40            [1]
                                  39            [1]
                                  38            [1]
                                  37            [1]
                                  36            [1]
                                  35            [1]
                                  34            [1]
                                  33            [1]
                                  32            [1]
                                  31            [1]
                                  30            [1]
                                  29            [1]
                                  28            [1]
                                  27            [1]
                                  26            [1]
                                  25            [1]
                                  24            [1]
                                  23            [1]
                                  22            [1]
                                  21            [1]
                                  20            [1]
                                  19            [1]
                                  18            [1]
                                  17            [1]
                                  16            [1]
                                  15            [1]
                                  14            [1]
                                  13            [1]
                                  12            [1]
                                  11            [1]
                                  10            [1]
                                   9            [1]
                                   8            [1]
                                   7            [1]
                                   6            [1]
                                   5            [1]
                                   4            [1]
                                   3            [1]
                                   2            [1]
                                   0            

ff: found legal plan as follows
规划长度：230

var_size: 41810

当前收集的断言数：13862

1
找到反例！


第19次迭代
当前初始状态:
F:41 U:38
num_Or:1771
参数大于2的OR: 
(AT N60) (AT N59) (AT N58) (AT N57) (AT N56) (AT N50) (AT N45) (AT N44) (AT N37) (AT N36) (AT N34) (AT N33) (AT N32) (AT N31) (AT N28) (AT N25) (AT N7) (AT N5) (AT N1) 
H:379


Cueing down from goal distance:  379 into depth [1]
                                 378            [1]
                                 377            [1]
                                 376            [1]
                                 375            [1]
                                 374            [1]
                                 373            [1]
                                 372            [1]
                                 371            [1]
                                 370            [1]
                                 369            [1]
                                 368            [1]
                                 367            [1]
                                 366            [1]
                                 365            [1]
                                 364            [1]
                                 363            [1]
                                 362            [1]
                                 361            [1]
                                 360            [1]
                                 326            [1]
                                 308            [1]
                                 275            [1]
                                 256            [1]
                                 251            [1]
                                 250            [1]
                                 249            [1]
                                 248            [1]
                                 247            [1]
                                 229            [1]
                                 212            [1]
                                 211            [1]
                                 210            [1]
                                 209            [1]
                                 208            [1]
                                 207            [1]
                                 206            [1]
                                 196            [1]
                                 187            [1]
                                 186            [1]
                                 179            [1]
                                 173            [1]
                                 168            [1]
                                 164            [1]
                                 163            [1]
                                 162            [1]
                                 161            [1]
                                 160            [1]
                                 159            [1]
                                 158            [1]
                                 157            [1]
                                 156            [1]
                                 155            [1]
                                 154            [1]
                                 153            [1]
                                 152            [1]
                                 151            [1]
                                 150            [1]
                                 149            [1]
                                 148            [1]
                                 147            [1]
                                 146            [1]
                                 145            [1]
                                 144            [1]
                                 143            [1]
                                 142            [1]
                                 141            [1]
                                 140            [1]
                                 139            [1]
                                 138            [1]
                                 137            [1]
                                 136            [1]
                                 135            [1]
                                 134            [1]
                                 133            [1]
                                 132            [1]
                                 131            [1]
                                 130            [1]
                                 129            [1]
                                 128            [1]
                                 127            [1]
                                 126            [1]
                                 125            [1]
                                 124            [1]
                                 123            [1]
                                 122            [1]
                                 121            [1]
                                 120            [1]
                                 119            [1]
                                 118            [1]
                                 117            [1]
                                 116            [1]
                                 115            [1]
                                 114            [1][2]
                                 113            [1]
                                 112            [1][2]
                                 111            [1]
                                 110            [1][2]
                                 109            [1]
                                 108            [1][2]
                                 107            [1]
                                 106            [1][2]
                                 105            [1]
                                 104            [1][2]
                                 103            [1]
                                 102            [1][2]
                                 101            [1]
                                 100            [1][2]
                                  99            [1]
                                  98            [1][2]
                                  97            [1]
                                  96            [1][2]
                                  95            [1]
                                  94            [1][2]
                                  93            [1]
                                  92            [1][2]
                                  91            [1]
                                  90            [1][2]
                                  89            [1]
                                  88            [1][2]
                                  87            [1]
                                  86            [1][2]
                                  85            [1]
                                  84            [1][2]
                                  83            [1]
                                  82            [1][2]
                                  81            [1]
                                  80            [1][2]
                                  79            [1]
                                  78            [1][2]
                                  77            [1]
                                  76            [1][2]
                                  75            [1]
                                  74            [1][2]
                                  73            [1]
                                  72            [1][2]
                                  71            [1]
                                  70            [1][2]
                                  69            [1]
                                  68            [1][2]
                                  67            [1]
                                  66            [1][2]
                                  65            [1]
                                  63            [1]
                                  62            [1]
                                  61            [1]
                                  60            [1][2]
                                  59            [1]
                                  58            [1]
                                  57            [1]
                                  56            [1]
                                  55            [1]
                                  54            [1]
                                  53            [1]
                                  52            [1]
                                  51            [1]
                                  50            [1]
                                  49            [1]
                                  48            [1]
                                  47            [1]
                                  46            [1]
                                  45            [1]
                                  44            [1]
                                  43            [1]
                                  42            [1]
                                  41            [1]
                                  40            [1]
                                  39            [1]
                                  38            [1]
                                  37            [1]
                                  36            [1]
                                  35            [1]
                                  34            [1]
                                  33            [1]
                                  32            [1]
                                  31            [1]
                                  30            [1]
                                  29            [1]
                                  28            [1]
                                  27            [1]
                                  26            [1]
                                  25            [1]
                                  24            [1]
                                  23            [1]
                                  22            [1]
                                  21            [1]
                                  20            [1]
                                  19            [1]
                                  18            [1]
                                  17            [1]
                                  16            [1]
                                  15            [1]
                                  14            [1]
                                  13            [1]
                                  12            [1]
                                  11            [1]
                                  10            [1]
                                   9            [1]
                                   8            [1]
                                   7            [1]
                                   6            [1]
                                   5            [1]
                                   4            [1]
                                   3            [1]
                                   2            [1]
                                   0            

ff: found legal plan as follows
规划长度：231

var_size: 41991

当前收集的断言数：13922

1
找到反例！


第20次迭代
当前初始状态:
F:40 U:40
num_Or:1771
参数大于2的OR: 
(AT N60) (AT N59) (AT N58) (AT N57) (AT N56) (AT N50) (AT N45) (AT N44) (AT N37) (AT N36) (AT N34) (AT N33) (AT N32) (AT N31) (AT N28) (AT N25) (AT N7) (AT N6) (AT N5) (AT N1) 
H:405


Cueing down from goal distance:  405 into depth [1]
                                 404            [1]
                                 403            [1]
                                 402            [1]
                                 401            [1]
                                 400            [1]
                                 399            [1]
                                 398            [1]
                                 397            [1]
                                 396            [1]
                                 395            [1]
                                 394            [1]
                                 393            [1]
                                 392            [1]
                                 391            [1]
                                 390            [1]
                                 389            [1]
                                 388            [1]
                                 387            [1]
                                 386            [1]
                                 385            [1]
                                 350            [1]
                                 332            [1]
                                 298            [1]
                                 279            [1]
                                 273            [1]
                                 272            [1]
                                 271            [1]
                                 270            [1]
                                 269            [1]
                                 251            [1]
                                 234            [1]
                                 233            [1]
                                 232            [1]
                                 231            [1]
                                 230            [1]
                                 229            [1]
                                 228            [1]
                                 218            [1]
                                 209            [1]
                                 208            [1]
                                 201            [1]
                                 195            [1]
                                 190            [1]
                                 186            [1]
                                 185            [1]
                                 184            [1]
                                 183            [1]
                                 182            [1]
                                 181            [1]
                                 180            [1]
                                 179            [1]
                                 178            [1]
                                 177            [1]
                                 176            [1]
                                 175            [1]
                                 174            [1]
                                 173            [1]
                                 172            [1]
                                 171            [1]
                                 170            [1]
                                 169            [1]
                                 168            [1]
                                 167            [1]
                                 166            [1]
                                 165            [1]
                                 164            [1]
                                 163            [1]
                                 162            [1]
                                 161            [1]
                                 160            [1]
                                 159            [1]
                                 158            [1]
                                 157            [1]
                                 156            [1]
                                 155            [1]
                                 154            [1]
                                 153            [1]
                                 152            [1]
                                 151            [1]
                                 150            [1]
                                 149            [1]
                                 148            [1]
                                 147            [1]
                                 146            [1]
                                 145            [1]
                                 144            [1]
                                 143            [1]
                                 142            [1]
                                 141            [1]
                                 140            [1]
                                 139            [1]
                                 138            [1]
                                 137            [1]
                                 136            [1]
                                 135            [1]
                                 134            [1]
                                 133            [1]
                                 132            [1]
                                 131            [1]
                                 130            [1]
                                 129            [1]
                                 128            [1]
                                 127            [1]
                                 126            [1]
                                 125            [1]
                                 124            [1]
                                 123            [1]
                                 122            [1]
                                 121            [1]
                                 120            [1]
                                 119            [1]
                                 118            [1]
                                 117            [1]
                                 116            [1]
                                 115            [1]
                                 114            [1][2]
                                 113            [1]
                                 112            [1][2]
                                 111            [1]
                                 110            [1][2]
                                 109            [1]
                                 108            [1][2]
                                 107            [1]
                                 106            [1][2]
                                 105            [1]
                                 104            [1][2]
                                 103            [1]
                                 102            [1][2]
                                 101            [1]
                                 100            [1][2]
                                  99            [1]
                                  98            [1][2]
                                  97            [1]
                                  96            [1][2]
                                  95            [1]
                                  94            [1][2]
                                  93            [1]
                                  92            [1][2]
                                  91            [1]
                                  90            [1][2]
                                  89            [1]
                                  88            [1][2]
                                  87            [1]
                                  86            [1][2]
                                  85            [1]
                                  84            [1][2]
                                  83            [1]
                                  82            [1][2]
                                  81            [1]
                                  80            [1][2]
                                  79            [1]
                                  78            [1][2]
                                  77            [1]
                                  76            [1][2]
                                  75            [1]
                                  74            [1][2]
                                  73            [1]
                                  72            [1][2]
                                  71            [1]
                                  70            [1][2]
                                  69            [1]
                                  68            [1][2]
                                  67            [1]
                                  66            [1][2]
                                  65            [1]
                                  63            [1]
                                  62            [1]
                                  61            [1]
                                  60            [1][2]
                                  59            [1]
                                  58            [1]
                                  57            [1]
                                  56            [1]
                                  55            [1]
                                  54            [1]
                                  53            [1]
                                  52            [1]
                                  51            [1]
                                  50            [1]
                                  49            [1]
                                  48            [1]
                                  47            [1]
                                  46            [1]
                                  45            [1]
                                  44            [1]
                                  43            [1]
                                  42            [1]
                                  41            [1]
                                  40            [1]
                                  39            [1]
                                  38            [1]
                                  37            [1]
                                  36            [1]
                                  35            [1]
                                  34            [1]
                                  33            [1]
                                  32            [1]
                                  31            [1]
                                  30            [1]
                                  29            [1]
                                  28            [1]
                                  27            [1]
                                  26            [1]
                                  25            [1]
                                  24            [1]
                                  23            [1]
                                  22            [1]
                                  21            [1]
                                  20            [1]
                                  19            [1]
                                  18            [1]
                                  17            [1]
                                  16            [1]
                                  15            [1]
                                  14            [1]
                                  13            [1]
                                  12            [1]
                                  11            [1]
                                  10            [1]
                                   9            [1]
                                   8            [1]
                                   7            [1]
                                   6            [1]
                                   5            [1]
                                   4            [1]
                                   3            [1]
                                   2            [1]
                                   0            

ff: found legal plan as follows
规划长度：254

var_size: 46154

当前收集的断言数：15302

1
找到反例！


第21次迭代
当前初始状态:
F:39 U:42
num_Or:1771
参数大于2的OR: 
(AT N60) (AT N59) (AT N58) (AT N57) (AT N56) (AT N50) (AT N45) (AT N44) (AT N37) (AT N36) (AT N35) (AT N34) (AT N33) (AT N32) (AT N31) (AT N28) (AT N25) (AT N7) (AT N6) (AT N5) (AT N1) 
H:411


Cueing down from goal distance:  411 into depth [1]
                                 410            [1]
                                 409            [1]
                                 408            [1]
                                 407            [1]
                                 406            [1]
                                 405            [1]
                                 404            [1]
                                 403            [1]
                                 402            [1]
                                 401            [1]
                                 400            [1]
                                 399            [1]
                                 398            [1]
                                 397            [1]
                                 396            [1]
                                 395            [1]
                                 394            [1]
                                 393            [1]
                                 392            [1]
                                 391            [1]
                                 390            [1]
                                 355            [1]
                                 338            [1]
                                 304            [1]
                                 286            [1]
                                 280            [1]
                                 279            [1]
                                 278            [1]
                                 277            [1]
                                 276            [1]
                                 258            [1]
                                 241            [1]
                                 240            [1]
                                 239            [1]
                                 238            [1]
                                 237            [1]
                                 236            [1]
                                 235            [1]
                                 225            [1]
                                 216            [1]
                                 208            [1]
                                 201            [1]
                                 195            [1]
                                 190            [1]
                                 186            [1]
                                 185            [1]
                                 184            [1]
                                 183            [1]
                                 182            [1]
                                 181            [1]
                                 180            [1]
                                 179            [1]
                                 178            [1]
                                 177            [1]
                                 176            [1]
                                 175            [1]
                                 174            [1]
                                 173            [1]
                                 172            [1]
                                 171            [1]
                                 170            [1]
                                 169            [1]
                                 168            [1]
                                 167            [1]
                                 166            [1]
                                 165            [1]
                                 164            [1]
                                 163            [1]
                                 162            [1]
                                 161            [1]
                                 160            [1]
                                 159            [1]
                                 158            [1]
                                 157            [1]
                                 156            [1]
                                 155            [1]
                                 154            [1]
                                 153            [1]
                                 152            [1]
                                 151            [1]
                                 150            [1]
                                 149            [1]
                                 148            [1]
                                 147            [1]
                                 146            [1]
                                 145            [1]
                                 144            [1]
                                 143            [1]
                                 142            [1]TimeOut
now_time:3600.0542149270186
