                                 110            [1][2]
                                 109            [1]
                                 108            [1][2]
                                 107            [1]
                                 106            [1][2]
                                 105            [1]
                                 104            [1][2]
                                 103            [1]
                                 102            [1][2]
                                 101            [1]
                                 100            [1][2]
                                  99            [1]
                                  98            [1][2]
                                  97            [1]
                                  96            [1][2]
                                  95            [1]
                                  94            [1][2]
                                  93            [1]
                                  92            [1][2]
                                  91            [1]
                                  90            [1][2]
                                  89            [1]
                                  88            [1][2]
                                  87            [1]
                                  86            [1][2]
                                  85            [1]
                                  83            [1]
                                  82            [1]
                                  81            [1]
                                  80            [1][2][3][4]
                                  79            [1]
                                  78            [1]
                                  77            [1]
                                  76            [1]
                                  75            [1]
                                  74            [1]
                                  73            [1]
                                  72            [1]
                                  71            [1]
                                  70            [1]
                                  69            [1]
                                  68            [1]
                                  67            [1]
                                  66            [1]
                                  65            [1]
                                  64            [1]
                                  63            [1]
                                  62            [1]
                                  61            [1]
                                  60            [1]
                                  59            [1]
                                  58            [1]
                                  57            [1]
                                  56            [1]
                                  55            [1]
                                  54            [1]
                                  53            [1]
                                  52            [1]
                                  51            [1]
                                  50            [1]
                                  49            [1]
                                  48            [1]
                                  47            [1]
                                  46            [1]
                                  45            [1]
                                  44            [1]
                                  43            [1]
                                  42            [1]
                                  41            [1]
                                  40            [1]
                                  39            [1]
                                  38            [1]
                                  37            [1]
                                  36            [1]
                                  35            [1]
                                  34            [1]
                                  33            [1]
                                  32            [1]
                                  31            [1]
                                  30            [1]
                                  29            [1]
                                  28            [1]
                                  27            [1]
                                  26            [1]
                                  25            [1]
                                  24            [1]
                                  23            [1]
                                  22            [1]
                                  21            [1]
                                  20            [1]
                                  19            [1]
                                  18            [1]
                                  17            [1]
                                  16            [1]
                                  15            [1]
                                  14            [1]
                                  13            [1]
                                  12            [1]
                                  11            [1]
                                  10            [1]
                                   9            [1]
                                   8            [1]
                                   7            [1]
                                   6            [1]
                                   5            [1]
                                   4            [1]
                                   3            [1]
                                   2            [1]
                                   0            

ff: found legal plan as follows
规划长度：192

var_size: 46512

当前收集的断言数：15442

1
找到反例！


第6次迭代
当前初始状态:
F:74 U:12
num_Or:3161
参数大于2的OR: 
(AT N80) (AT N31) (AT N30) (AT N29) (AT N7) (AT N3) 
H:234


Cueing down from goal distance:  234 into depth [1]
                                 233            [1]
                                 232            [1]
                                 231            [1]
                                 230            [1]
                                 229            [1]
                                 228            [1]
                                 223            [1]
                                 222            [1]
                                 217            [1]
                                 216            [1]
                                 211            [1]
                                 210            [1]
                                 205            [1]
                                 204            [1]
                                 199            [1]
                                 198            [1]
                                 193            [1]
                                 192            [1]
                                 187            [1]
                                 186            [1]
                                 181            [1]
                                 180            [1]
                                 175            [1]
                                 174            [1]
                                 169            [1]
                                 168            [1]
                                 163            [1]
                                 162            [1]
                                 161            [1]
                                 160            [1]
                                 159            [1]
                                 158            [1]
                                 157            [1]
                                 156            [1]
                                 155            [1]
                                 154            [1]
                                 153            [1]
                                 152            [1]
                                 151            [1]
                                 150            [1]
                                 149            [1]
                                 148            [1]
                                 147            [1]
                                 146            [1]
                                 145            [1]
                                 144            [1]
                                 143            [1]
                                 142            [1]
                                 141            [1]
                                 140            [1]
                                 139            [1]
                                 138            [1]
                                 137            [1]
                                 136            [1][2]
                                 135            [1]
                                 134            [1][2]
                                 133            [1]
                                 132            [1][2]
                                 131            [1]
                                 130            [1][2]
                                 129            [1]
                                 128            [1][2]
                                 127            [1]
                                 126            [1][2]
                                 125            [1]
                                 124            [1][2]
                                 123            [1]
                                 122            [1][2]
                                 121            [1]
                                 120            [1][2]
                                 119            [1]
                                 118            [1][2]
                                 117            [1]
                                 116            [1][2]
                                 115            [1]
                                 114            [1][2]
                                 113            [1]
                                 112            [1][2]
                                 111            [1]
                                 110            [1][2]
                                 109            [1]
                                 108            [1][2]
                                 107            [1]
                                 106            [1][2]
                                 105            [1]
                                 104            [1][2]
                                 103            [1]
                                 102            [1][2]
                                 101            [1]
                                 100            [1][2]
                                  99            [1]
                                  98            [1][2]
                                  97            [1]
                                  96            [1][2]
                                  95            [1]
                                  94            [1][2]
                                  93            [1]
                                  92            [1][2]
                                  91            [1]
                                  90            [1][2]
                                  89            [1]
                                  88            [1][2]
                                  87            [1]
                                  86            [1][2]
                                  85            [1]
                                  83            [1]
                                  82            [1]
                                  81            [1]
                                  80            [1][2][3][4]
                                  79            [1]
                                  78            [1]
                                  77            [1]
                                  76            [1]
                                  75            [1]
                                  74            [1]
                                  73            [1]
                                  72            [1]
                                  71            [1]
                                  70            [1]
                                  69            [1]
                                  68            [1]
                                  67            [1]
                                  66            [1]
                                  65            [1]
                                  64            [1]
                                  63            [1]
                                  62            [1]
                                  61            [1]
                                  60            [1]
                                  59            [1]
                                  58            [1]
                                  57            [1]
                                  56            [1]
                                  55            [1]
                                  54            [1]
                                  53            [1]
                                  52            [1]
                                  51            [1]
                                  50            [1]
                                  49            [1]
                                  48            [1]
                                  47            [1]
                                  46            [1]
                                  45            [1]
                                  44            [1]
                                  43            [1]
                                  42            [1]
                                  41            [1]
                                  40            [1]
                                  39            [1]
                                  38            [1]
                                  37            [1]
                                  36            [1]
                                  35            [1]
                                  34            [1]
                                  33            [1]
                                  32            [1]
                                  31            [1]
                                  30            [1]
                                  29            [1]
                                  28            [1]
                                  27            [1]
                                  26            [1]
                                  25            [1]
                                  24            [1]
                                  23            [1]
                                  22            [1]
                                  21            [1]
                                  20            [1]
                                  19            [1]
                                  18            [1]
                                  17            [1]
                                  16            [1]
                                  15            [1]
                                  14            [1]
                                  13            [1]
                                  12            [1]
                                  11            [1]
                                  10            [1]
                                   9            [1]
                                   8            [1]
                                   7            [1]
                                   6            [1]
                                   5            [1]
                                   4            [1]
                                   3            [1]
                                   2            [1]
                                   0            

ff: found legal plan as follows
规划长度：217

var_size: 52537

当前收集的断言数：17442

1
找到反例！


第7次迭代
当前初始状态:
F:73 U:14
num_Or:3161
参数大于2的OR: 
(AT N80) (AT N31) (AT N30) (AT N29) (AT N7) (AT N6) (AT N3) 
H:271


Cueing down from goal distance:  271 into depth [1]
                                 270            [1]
                                 269            [1]
                                 268            [1]
                                 267            [1]
                                 266            [1]
                                 265            [1]
                                 264            [1]
                                 258            [1]
                                 257            [1]
                                 251            [1]
                                 250            [1]
                                 244            [1]
                                 243            [1]
                                 237            [1]
                                 236            [1]
                                 230            [1]
                                 229            [1]
                                 223            [1]
                                 222            [1]
                                 216            [1]
                                 215            [1]
                                 209            [1]
                                 208            [1]
                                 202            [1]
                                 201            [1]
                                 195            [1]
                                 194            [1]
                                 188            [1]
                                 187            [1]
                                 186            [1]
                                 185            [1]
                                 184            [1]
                                 183            [1]
                                 182            [1]
                                 181            [1]
                                 180            [1]
                                 179            [1]
                                 178            [1]
                                 177            [1]
                                 176            [1]
                                 175            [1]
                                 174            [1]
                                 173            [1]
                                 172            [1]
                                 171            [1]
                                 170            [1]
                                 169            [1]
                                 168            [1]
                                 167            [1]
                                 166            [1]
                                 165            [1]
                                 164            [1]
                                 163            [1]
                                 162            [1]
                                 161            [1]
                                 160            [1]
                                 159            [1]
                                 158            [1]
                                 157            [1]
                                 156            [1]
                                 155            [1]
                                 154            [1]
                                 153            [1]
                                 152            [1]
                                 151            [1]
                                 150            [1]
                                 149            [1]
                                 148            [1]
                                 147            [1]
                                 146            [1]
                                 145            [1]
                                 144            [1]
                                 143            [1]
                                 142            [1]
                                 141            [1]
                                 140            [1]
                                 139            [1]
                                 138            [1]
                                 137            [1]
                                 136            [1][2]
                                 135            [1]
                                 134            [1][2]
                                 133            [1]
                                 132            [1][2]
                                 131            [1]
                                 130            [1][2]
                                 129            [1]
                                 128            [1][2]
                                 127            [1]
                                 126            [1][2]
                                 125            [1]
                                 124            [1][2]
                                 123            [1]
                                 122            [1][2]
                                 121            [1]
                                 120            [1][2]
                                 119            [1]
                                 118            [1][2]
                                 117            [1]
                                 116            [1][2]
                                 115            [1]
                                 114            [1][2]
                                 113            [1]
                                 112            [1][2]
                                 111            [1]
                                 110            [1][2]
                                 109            [1]
                                 108            [1][2]
                                 107            [1]
                                 106            [1][2]
                                 105            [1]
                                 104            [1][2]
                                 103            [1]
                                 102            [1][2]
                                 101            [1]
                                 100            [1][2]
                                  99            [1]
                                  98            [1][2]
                                  97            [1]
                                  96            [1][2]
                                  95            [1]
                                  94            [1][2]
                                  93            [1]
                                  92            [1][2]
                                  91            [1]
                                  90            [1][2]
                                  89            [1]
                                  88            [1][2]
                                  87            [1]
                                  86            [1][2]
                                  85            [1]
                                  83            [1]
                                  82            [1]
                                  81            [1]
                                  80            [1][2][3][4]
                                  79            [1]
                                  78            [1]
                                  77            [1]
                                  76            [1]
                                  75            [1]
                                  74            [1]
                                  73            [1]
                                  72            [1]
                                  71            [1]
                                  70            [1]
                                  69            [1]
                                  68            [1]
                                  67            [1]
                                  66            [1]
                                  65            [1]
                                  64            [1]
                                  63            [1]
                                  62            [1]
                                  61            [1]
                                  60            [1]
                                  59            [1]
                                  58            [1]
                                  57            [1]
                                  56            [1]
                                  55            [1]
                                  54            [1]
                                  53            [1]
                                  52            [1]
                                  51            [1]
                                  50            [1]
                                  49            [1]
                                  48            [1]
                                  47            [1]
                                  46            [1]
                                  45            [1]
                                  44            [1]
                                  43            [1]
                                  42            [1]
                                  41            [1]
                                  40            [1]
                                  39            [1]
                                  38            [1]
                                  37            [1]
                                  36            [1]
                                  35            [1]
                                  34            [1]
                                  33            [1]
                                  32            [1]
                                  31            [1]
                                  30            [1]
                                  29            [1]
                                  28            [1]
                                  27            [1]
                                  26            [1]
                                  25            [1]
                                  24            [1]
                                  23            [1]
                                  22            [1]
                                  21            [1]
                                  20            [1]
                                  19            [1]
                                  18            [1]
                                  17            [1]
                                  16            [1]
                                  15            [1]
                                  14            [1]
                                  13            [1]
                                  12            [1]
                                  11            [1]
                                  10            [1]
                                   9            [1]
                                   8            [1]
                                   7            [1]
                                   6            [1]
                                   5            [1]
                                   4            [1]
                                   3            [1]
                                   2            [1]
                                   0            

ff: found legal plan as follows
规划长度：243

var_size: 58803

当前收集的断言数：19522

1
找到反例！


第8次迭代
当前初始状态:
F:72 U:16
num_Or:3161
参数大于2的OR: 
(AT N80) (AT N31) (AT N30) (AT N29) (AT N7) (AT N6) (AT N5) (AT N3) 
H:309


Cueing down from goal distance:  309 into depth [1]
                                 308            [1]
                                 307            [1]
                                 306            [1]
                                 305            [1]
                                 304            [1]
                                 303            [1]
                                 302            [1]
                                 301            [1]
                                 294            [1]
                                 293            [1]
                                 286            [1]
                                 285            [1]
                                 278            [1]
                                 277            [1]
                                 270            [1]
                                 269            [1]
                                 262            [1]
                                 261            [1]
                                 254            [1]
                                 253            [1]
                                 246            [1]
                                 245            [1]
                                 238            [1]
                                 237            [1]
                                 230            [1]
                                 229            [1]
                                 222            [1]
                                 221            [1]
                                 214            [1]
                                 213            [1]
                                 212            [1]
                                 211            [1]
                                 210            [1]
                                 209            [1]
                                 208            [1]
                                 207            [1]
                                 206            [1]
                                 205            [1]
                                 204            [1]
                                 203            [1]
                                 202            [1]
                                 201            [1]
                                 200            [1]
                                 199            [1]
                                 198            [1]
                                 197            [1]
                                 196            [1]
                                 195            [1]
                                 194            [1]
                                 193            [1]
                                 192            [1]
                                 191            [1]
                                 190            [1]
                                 189            [1]
                                 188            [1]
                                 187            [1]
                                 186            [1]
                                 185            [1]
                                 184            [1]
                                 183            [1]
                                 182            [1]
                                 181            [1]
                                 180            [1]
                                 179            [1]
                                 178            [1]
                                 177            [1]
                                 176            [1]
                                 175            [1]
                                 174            [1]
                                 173            [1]
                                 172            [1]
                                 171            [1]
                                 170            [1]
                                 169            [1]
                                 168            [1]
                                 167            [1]
                                 166            [1]
                                 165            [1]
                                 164            [1]
                                 163            [1]
                                 162            [1]
                                 161            [1]
                                 160            [1]
                                 159            [1]
                                 158            [1]
                                 157            [1]
                                 156            [1]
                                 155            [1]
                                 154            [1]
                                 153            [1]
                                 152            [1]
                                 151            [1]
                                 150            [1]
                                 149            [1]
                                 148            [1]
                                 147            [1]
                                 146            [1]
                                 145            [1]
                                 144            [1]
                                 143            [1]
                                 142            [1]
                                 141            [1]
                                 140            [1]
                                 139            [1]
                                 138            [1]
                                 137            [1]
                                 136            [1][2]
                                 135            [1]
                                 134            [1][2]
                                 133            [1]
                                 132            [1][2]
                                 131            [1]
                                 130            [1][2]
                                 129            [1]
                                 128            [1][2]
                                 127            [1]
                                 126            [1][2]
                                 125            [1]
                                 124            [1][2]
                                 123            [1]
                                 122            [1][2]
                                 121            [1]
                                 120            [1][2]
                                 119            [1]
                                 118            [1][2]
                                 117            [1]
                                 116            [1][2]
                                 115            [1]
                                 114            [1][2]
                                 113            [1]
                                 112            [1][2]
                                 111            [1]
                                 110            [1][2]
                                 109            [1]
                                 108            [1][2]
                                 107            [1]
                                 106            [1][2]
                                 105            [1]
                                 104            [1][2]
                                 103            [1]
                                 102            [1][2]
                                 101            [1]
                                 100            [1][2]
                                  99            [1]
                                  98            [1][2]
                                  97            [1]
                                  96            [1][2]
                                  95            [1]
                                  94            [1][2]
                                  93            [1]
                                  92            [1][2]
                                  91            [1]
                                  90            [1][2]
                                  89            [1]
                                  88            [1][2]
                                  87            [1]
                                  86            [1][2]
                                  85            [1]
                                  83            [1]
                                  82            [1]
                                  81            [1]
                                  80            [1][2][3][4]
                                  79            [1]
                                  78            [1]
                                  77            [1]
                                  76            [1]
                                  75            [1]
                                  74            [1]
                                  73            [1]
                                  72            [1]
                                  71            [1]
                                  70            [1]
                                  69            [1]
                                  68            [1]
                                  67            [1]
                                  66            [1]
                                  65            [1]
                                  64            [1]
                                  63            [1]
                                  62            [1]
                                  61            [1]
                                  60            [1]
                                  59            [1]
                                  58            [1]
                                  57            [1]
                                  56            [1]
                                  55            [1]
                                  54            [1]
                                  53            [1]
                                  52            [1]
                                  51            [1]
                                  50            [1]
                                  49            [1]
                                  48            [1]
                                  47            [1]
                                  46            [1]
                                  45            [1]
                                  44            [1]
                                  43            [1]
                                  42            [1]
                                  41            [1]
                                  40            [1]
                                  39            [1]
                                  38            [1]
                                  37            [1]
                                  36            [1]
                                  35            [1]
                                  34            [1]
                                  33            [1]
                                  32            [1]
                                  31            [1]
                                  30            [1]
                                  29            [1]
                                  28            [1]
                                  27            [1]
                                  26            [1]
                                  25            [1]
                                  24            [1]
                                  23            [1]
                                  22            [1]
                                  21            [1]
                                  20            [1]
                                  19            [1]
                                  18            [1]
                                  17            [1]
                                  16            [1]
                                  15            [1]
                                  14            [1]
                                  13            [1]
                                  12            [1]
                                  11            [1]
                                  10            [1]
                                   9            [1]
                                   8            [1]
                                   7            [1]
                                   6            [1]
                                   5            [1]
                                   4            [1]
                                   3            [1]
                                   2            [1]
                                   0            

ff: found legal plan as follows
规划长度：270

var_size: 65310

当前收集的断言数：21682

1
找到反例！


第9次迭代
当前初始状态:
F:71 U:18
num_Or:3161
参数大于2的OR: 
(AT N80) (AT N31) (AT N30) (AT N29) (AT N7) (AT N6) (AT N5) (AT N4) (AT N3) 
H:348


Cueing down from goal distance:  348 into depth [1]
                                 347            [1]
                                 346            [1]
                                 345            [1]
                                 344            [1]
                                 343            [1]
                                 342            [1]
                                 341            [1]
                                 340            [1]
                                 339            [1]
                                 331            [1]
                                 330            [1]
                                 322            [1]
                                 321            [1]
                                 313            [1]
                                 312            [1]
                                 304            [1]
                                 303            [1]
                                 295            [1]
                                 294            [1]
                                 286            [1]
                                 285            [1]
                                 277            [1]
                                 276            [1]
                                 268            [1]
                                 267            [1]
                                 259            [1]
                                 258            [1]
                                 250            [1]
                                 249            [1]
                                 241            [1]
                                 240            [1]
                                 239            [1]
                                 238            [1]
                                 237            [1]
                                 236            [1]
                                 235            [1]
                                 234            [1]
                                 233            [1]
                                 232            [1]
                                 231            [1]
                                 230            [1]
                                 229            [1]
                                 228            [1]
                                 227            [1]
                                 226            [1]
                                 225            [1]
                                 224            [1]
                                 223            [1]
                                 222            [1]
                                 221            [1]
                                 220            [1]
                                 219            [1]
                                 218            [1]
                                 217            [1]
                                 216            [1]
                                 215            [1]
                                 214            [1]
                                 213            [1]
                                 212            [1]
                                 211            [1]
                                 210            [1]
                                 209            [1]
                                 208            [1]
                                 207            [1]
                                 206            [1]
                                 205            [1]
                                 204            [1]
                                 203            [1]
                                 202            [1]
                                 201            [1]
                                 200            [1]
                                 199            [1]
                                 198            [1]
                                 197            [1]
                                 196            [1]
                                 195            [1]
                                 194            [1]
                                 193            [1]
                                 192            [1]
                                 191            [1]
                                 190            [1]
                                 189            [1]
                                 188            [1]
                                 187            [1]
                                 186            [1]
                                 185            [1]
                                 184            [1]
                                 183            [1]
                                 182            [1]
                                 181            [1]
                                 180            [1]
                                 179            [1]
                                 178            [1]
                                 177            [1]
                                 176            [1]
                                 175            [1]
                                 174            [1]
                                 173            [1]
                                 172            [1]
                                 171            [1]
                                 170            [1]
                                 169            [1]
                                 168            [1]
                                 167            [1]
                                 166            [1]
                                 165            [1]
                                 164            [1]
                                 163            [1]
                                 162            [1]
                                 161            [1]
                                 160            [1]
                                 159            [1]
                                 158            [1]
                                 157            [1]
                                 156            [1]
                                 155            [1]
                                 154            [1]
                                 153            [1]
                                 152            [1]
                                 151            [1]
                                 150            [1]
                                 149            [1]
                                 148            [1]
                                 147            [1]
                                 146            [1]
                                 145            [1]
                                 144            [1]
                                 143            [1]
                                 142            [1]
                                 141            [1]
                                 140            [1]
                                 139            [1]
                                 138            [1]
                                 137            [1]
                                 136            [1][2]
                                 135            [1]
                                 134            [1][2]
                                 133            [1]
                                 132            [1][2]
                                 131            [1]
                                 130            [1][2]
                                 129            [1]
                                 128            [1][2]
                                 127            [1]
                                 126            [1][2]
                                 125            [1]
                                 124            [1][2]
                                 123            [1]
                                 122            [1][2]
                                 121            [1]
                                 120            [1][2]
                                 119            [1]
                                 118            [1][2]
                                 117            [1]
                                 116            [1][2]
                                 115            [1]
                                 114            [1][2]
                                 113            [1]
                                 112            [1][2]TimeOut
now_time:3600.049428392027
