                                 131            [1]
                                 130            [1]
                                 129            [1]
                                 128            [1]
                                 127            [1]
                                 126            [1]
                                 125            [1]
                                 124            [1]
                                 123            [1]
                                 122            [1]
                                 121            [1]
                                 120            [1]
                                 119            [1]
                                 118            [1]
                                 117            [1]
                                 116            [1]
                                 115            [1]
                                 114            [1]
                                 113            [1]
                                 112            [1]
                                 111            [1]
                                 110            [1]
                                 109            [1]
                                 108            [1]
                                 107            [1]
                                 106            [1]
                                 105            [1]
                                 104            [1]
                                 103            [1]
                                 102            [1]
                                 101            [1]
                                 100            [1]
                                  99            [1]
                                  98            [1]
                                  97            [1]
                                  96            [1]
                                  95            [1]
                                  94            [1]
                                  93            [1]
                                  92            [1]
                                  91            [1]
                                  90            [1][2][3][4][5][6][7][8][9][10][11][12][13][14][15][16][17][18][19][20][21][22][23][24][25][26][27][28][29]
                                  89            [1]
                                  88            [1]
                                  87            [1]
                                  86            [1]
                                  85            [1]
                                  84            [1]
                                  83            [1]
                                  82            [1]
                                  81            [1]
                                  80            [1]
                                  79            [1]
                                  78            [1]
                                  77            [1]
                                  76            [1]
                                  75            [1]
                                  74            [1]
                                  73            [1]
                                  72            [1]
                                  71            [1]
                                  70            [1]
                                  69            [1]
                                  68            [1]
                                  67            [1]
                                  66            [1]
                                  65            [1]
                                  64            [1]
                                  63            [1]
                                  62            [1]
                                  61            [1]
                                  60            [1]
                                  59            [1]
                                  58            [1]
                                  57            [1]
                                  56            [1]
                                  55            [1]
                                  54            [1]
                                  53            [1]
                                  52            [1]
                                  51            [1]
                                  50            [1]
                                  49            [1]
                                  48            [1]
                                  47            [1]
                                  46            [1]
                                  45            [1]
                                  44            [1]
                                  43            [1]
                                  42            [1]
                                  41            [1]
                                  40            [1]
                                  39            [1]
                                  38            [1]
                                  37            [1]
                                  36            [1]
                                  35            [1]
                                  34            [1]
                                  33            [1]
                                  32            [1]
                                  31            [1]
                                  30            [1]
                                  29            [1]
                                  28            [1]
                                  27            [1]
                                  26            [1]
                                  25            [1]
                                  24            [1]
                                  23            [1]
                                  22            [1]
                                  21            [1]
                                  20            [1]
                                  19            [1]
                                  18            [1]
                                  17            [1]
                                  16            [1]
                                  15            [1]
                                  14            [1]
                                  13            [1]
                                  12            [1]
                                  11            [1]
                                  10            [1]
                                   9            [1]
                                   8            [1]
                                   7            [1]
                                   6            [1]
                                   5            [1]
                                   4            [1]
                                   3            [1]
                                   2            [1]
                                   0            

ff: found legal plan as follows
规划长度：181

var_size: 49321

当前收集的断言数：16382

1
找到反例！


第3次迭代
当前初始状态:
F:87 U:6
num_Or:4006
参数大于2的OR: 
(AT N90) (AT N66) (AT N28) 
H:162


Cueing down from goal distance:  162 into depth [1]
                                 161            [1]
                                 160            [1]
                                 159            [1]
                                 158            [1]
                                 157            [1]
                                 156            [1]
                                 155            [1]
                                 154            [1]
                                 153            [1]
                                 152            [1][2]
                                 151            [1]
                                 150            [1][2]
                                 149            [1]
                                 148            [1][2]
                                 147            [1]
                                 146            [1][2]
                                 145            [1]
                                 144            [1][2]
                                 143            [1]
                                 142            [1][2]
                                 141            [1]
                                 140            [1][2]
                                 139            [1]
                                 138            [1][2]
                                 137            [1]
                                 136            [1][2]
                                 135            [1]
                                 134            [1][2]
                                 133            [1]
                                 132            [1][2]
                                 131            [1]
                                 130            [1][2]
                                 129            [1]
                                 128            [1][2]
                                 127            [1]
                                 126            [1][2]
                                 125            [1]
                                 124            [1][2]
                                 123            [1]
                                 122            [1][2]
                                 121            [1]
                                 120            [1][2]
                                 119            [1]
                                 118            [1][2]
                                 117            [1]
                                 116            [1][2]
                                 115            [1]
                                 114            [1][2]
                                 113            [1]
                                 112            [1][2]
                                 111            [1]
                                 110            [1][2]
                                 109            [1]
                                 108            [1][2]
                                 107            [1]
                                 106            [1][2]
                                 105            [1]
                                 104            [1][2]
                                 103            [1]
                                 102            [1][2]
                                 101            [1]
                                 100            [1][2]
                                  99            [1]
                                  98            [1][2]
                                  97            [1]
                                  96            [1][2]
                                  95            [1]
                                  93            [1]
                                  92            [1]
                                  91            [1]
                                  90            [1][2][3][4][5][6][7][8][9][10][11][12][13][14][15][16][17][18][19][20][21][22][23][24][25][26][27][28][29]
                                  89            [1]
                                  88            [1]
                                  87            [1]
                                  86            [1]
                                  85            [1]
                                  84            [1]
                                  83            [1]
                                  82            [1]
                                  81            [1]
                                  80            [1]
                                  79            [1]
                                  78            [1]
                                  77            [1]
                                  76            [1]
                                  75            [1]
                                  74            [1]
                                  73            [1]
                                  72            [1]
                                  71            [1]
                                  70            [1]
                                  69            [1]
                                  68            [1]
                                  67            [1]
                                  66            [1]
                                  65            [1]
                                  64            [1]
                                  63            [1]
                                  62            [1]
                                  61            [1]
                                  60            [1]
                                  59            [1]
                                  58            [1]
                                  57            [1]
                                  56            [1]
                                  55            [1]
                                  54            [1]
                                  53            [1]
                                  52            [1]
                                  51            [1]
                                  50            [1]
                                  49            [1]
                                  48            [1]
                                  47            [1]
                                  46            [1]
                                  45            [1]
                                  44            [1]
                                  43            [1]
                                  42            [1]
                                  41            [1]
                                  40            [1]
                                  39            [1]
                                  38            [1]
                                  37            [1]
                                  36            [1]
                                  35            [1]
                                  34            [1]
                                  33            [1]
                                  32            [1]
                                  31            [1]
                                  30            [1]
                                  29            [1]
                                  28            [1]
                                  27            [1]
                                  26            [1]
                                  25            [1]
                                  24            [1]
                                  23            [1]
                                  22            [1]
                                  21            [1]
                                  20            [1]
                                  19            [1]
                                  18            [1]
                                  17            [1]
                                  16            [1]
                                  15            [1]
                                  14            [1]
                                  13            [1]
                                  12            [1]
                                  11            [1]
                                  10            [1]
                                   9            [1]
                                   8            [1]
                                   7            [1]
                                   6            [1]
                                   5            [1]
                                   4            [1]
                                   3            [1]
                                   2            [1]
                                   0            

ff: found legal plan as follows
规划长度：217

var_size: 59077

当前收集的断言数：19622

1
找到反例！


第4次迭代
当前初始状态:
F:86 U:8
num_Or:4006
参数大于2的OR: 
(AT N90) (AT N88) (AT N66) (AT N28) 
H:192


Cueing down from goal distance:  192 into depth [1]
                                 191            [1]
                                 190            [1]
                                 189            [1]
                                 188            [1]
                                 187            [1]
                                 186            [1]
                                 185            [1]
                                 184            [1]
                                 183            [1]
                                 182            [1]
                                 181            [1]
                                 180            [1]
                                 179            [1]
                                 178            [1]
                                 177            [1]
                                 176            [1]
                                 175            [1]
                                 174            [1]
                                 173            [1]
                                 172            [1]
                                 171            [1]
                                 170            [1]
                                 169            [1]
                                 168            [1]
                                 167            [1]
                                 159            [1]
                                 158            [1]
                                 157            [1]
                                 156            [1]
                                 155            [1]
                                 154            [1]
                                 153            [1]
                                 152            [1][2]
                                 151            [1]
                                 150            [1][2]
                                 149            [1]
                                 148            [1][2]
                                 147            [1]
                                 146            [1][2]
                                 145            [1]
                                 144            [1][2]
                                 143            [1]
                                 142            [1][2]
                                 141            [1]
                                 140            [1][2]
                                 139            [1]
                                 138            [1][2]
                                 137            [1]
                                 136            [1][2]
                                 135            [1]
                                 134            [1][2]
                                 133            [1]
                                 132            [1][2]
                                 131            [1]
                                 130            [1][2]
                                 129            [1]
                                 128            [1][2]
                                 127            [1]
                                 126            [1][2]
                                 125            [1]
                                 124            [1][2]
                                 123            [1]
                                 122            [1][2]
                                 121            [1]
                                 120            [1][2]
                                 119            [1]
                                 118            [1][2]
                                 117            [1]
                                 116            [1][2]
                                 115            [1]
                                 114            [1][2]
                                 113            [1]
                                 112            [1][2]
                                 111            [1]
                                 110            [1][2]
                                 109            [1]
                                 108            [1][2]
                                 107            [1]
                                 106            [1][2]
                                 105            [1]
                                 104            [1][2]
                                 103            [1]
                                 102            [1][2]
                                 101            [1]
                                 100            [1][2]
                                  99            [1]
                                  98            [1][2]
                                  97            [1]
                                  96            [1][2]
                                  95            [1]
                                  93            [1]
                                  92            [1]
                                  91            [1]
                                  90            [1][2][3][4][5][6][7][8][9][10][11][12][13][14][15][16][17][18][19][20][21][22][23][24][25][26][27][28][29]
                                  89            [1]
                                  88            [1]
                                  87            [1]
                                  86            [1]
                                  85            [1]
                                  84            [1]
                                  83            [1]
                                  82            [1]
                                  81            [1]
                                  80            [1]
                                  79            [1]
                                  78            [1]
                                  77            [1]
                                  76            [1]
                                  75            [1]
                                  74            [1]
                                  73            [1]
                                  72            [1]
                                  71            [1]
                                  70            [1]
                                  69            [1]
                                  68            [1]
                                  67            [1]
                                  66            [1]
                                  65            [1]
                                  64            [1]
                                  63            [1]
                                  62            [1]
                                  61            [1]
                                  60            [1]
                                  59            [1]
                                  58            [1]
                                  57            [1]
                                  56            [1]
                                  55            [1]
                                  54            [1]
                                  53            [1]
                                  52            [1]
                                  51            [1]
                                  50            [1]
                                  49            [1]
                                  48            [1]
                                  47            [1]
                                  46            [1]
                                  45            [1]
                                  44            [1]
                                  43            [1]
                                  42            [1]
                                  41            [1]
                                  40            [1]
                                  39            [1]
                                  38            [1]
                                  37            [1]
                                  36            [1]
                                  35            [1]
                                  34            [1]
                                  33            [1]
                                  32            [1]
                                  31            [1]
                                  30            [1]
                                  29            [1]
                                  28            [1]
                                  27            [1]
                                  26            [1]
                                  25            [1]
                                  24            [1]
                                  23            [1]
                                  22            [1]
                                  21            [1]
                                  20            [1]
                                  19            [1]
                                  18            [1]
                                  17            [1]
                                  16            [1]
                                  15            [1]
                                  14            [1]
                                  13            [1]
                                  12            [1]
                                  11            [1]
                                  10            [1]
                                   9            [1]
                                   8            [1]
                                   7            [1]
                                   6            [1]
                                   5            [1]
                                   4            [1]
                                   3            [1]
                                   2            [1]
                                   0            

ff: found legal plan as follows
规划长度：240

var_size: 65310

当前收集的断言数：21692

1
找到反例！


第5次迭代
当前初始状态:
F:85 U:10
num_Or:4006
参数大于2的OR: 
(AT N90) (AT N89) (AT N88) (AT N66) (AT N28) 
H:223


Cueing down from goal distance:  223 into depth [1]
                                 222            [1]
                                 221            [1]
                                 220            [1]
                                 219            [1]
                                 218            [1]
                                 189            [1]
                                 158            [1]
                                 157            [1]
                                 156            [1]
                                 155            [1]
                                 154            [1]
                                 153            [1]
                                 152            [1]
                                 151            [1]
                                 150            [1][2]
                                 149            [1]
                                 148            [1][2]
                                 147            [1]
                                 146            [1][2]
                                 145            [1]
                                 144            [1][2]
                                 143            [1]
                                 142            [1][2]
                                 141            [1]
                                 140            [1][2]
                                 139            [1]
                                 138            [1][2]
                                 137            [1]
                                 136            [1][2]
                                 135            [1]
                                 134            [1][2]
                                 133            [1]
                                 132            [1][2]
                                 131            [1]
                                 130            [1][2]
                                 129            [1]
                                 128            [1][2]
                                 127            [1]
                                 126            [1][2]
                                 125            [1]
                                 124            [1][2]
                                 123            [1]
                                 122            [1][2]
                                 121            [1]
                                 120            [1][2]
                                 119            [1]
                                 118            [1][2]
                                 117            [1]
                                 116            [1][2]
                                 115            [1]
                                 114            [1][2]
                                 113            [1]
                                 112            [1][2]
                                 111            [1]
                                 110            [1][2]
                                 109            [1]
                                 108            [1][2]
                                 107            [1]
                                 106            [1][2]
                                 105            [1]
                                 104            [1][2]
                                 103            [1]
                                 102            [1][2]
                                 101            [1]
                                 100            [1][2]
                                  99            [1]
                                  98            [1][2]
                                  97            [1]
                                  96            [1][2]
                                  95            [1]
                                  93            [1]
                                  92            [1]
                                  91            [1]
                                  90            [1][2][3][4][5][6][7][8][9][10][11][12][13][14][15][16][17][18][19][20][21][22][23][24][25][26][27][28][29]
                                  89            [1]
                                  88            [1]
                                  87            [1]
                                  86            [1]
                                  85            [1]
                                  84            [1]
                                  83            [1]
                                  82            [1]
                                  81            [1]
                                  80            [1]
                                  79            [1]
                                  78            [1]
                                  77            [1]
                                  76            [1]
                                  75            [1]
                                  74            [1]
                                  73            [1]
                                  72            [1]
                                  71            [1]
                                  70            [1]
                                  69            [1]
                                  68            [1]
                                  67            [1]
                                  66            [1]
                                  65            [1]
                                  64            [1]
                                  63            [1]
                                  62            [1]
                                  61            [1]
                                  60            [1]
                                  59            [1]
                                  58            [1]
                                  57            [1]
                                  56            [1]
                                  55            [1]
                                  54            [1]
                                  53            [1]
                                  52            [1]
                                  51            [1]
                                  50            [1]
                                  49            [1]
                                  48            [1]
                                  47            [1]
                                  46            [1]
                                  45            [1]
                                  44            [1]
                                  43            [1]
                                  42            [1]
                                  41            [1]
                                  40            [1]
                                  39            [1]
                                  38            [1]
                                  37            [1]
                                  36            [1]
                                  35            [1]
                                  34            [1]
                                  33            [1]
                                  32            [1]
                                  31            [1]
                                  30            [1]
                                  29            [1]
                                  28            [1]
                                  27            [1]
                                  26            [1]
                                  25            [1]
                                  24            [1]
                                  23            [1]
                                  22            [1]
                                  21            [1]
                                  20            [1]
                                  19            [1]
                                  18            [1]
                                  17            [1]
                                  16            [1]
                                  15            [1]
                                  14            [1]
                                  13            [1]
                                  12            [1]
                                  11            [1]
                                  10            [1]
                                   9            [1]
                                   8            [1]
                                   7            [1]
                                   6            [1]
                                   5            [1]
                                   4            [1]
                                   3            [1]
                                   2            [1]
                                   0            

ff: found legal plan as follows
规划长度：219

var_size: 59619

当前收集的断言数：19802

1
找到反例！


第6次迭代
当前初始状态:
F:84 U:12
num_Or:4006
参数大于2的OR: 
(AT N90) (AT N89) (AT N88) (AT N66) (AT N28) (AT N2) 
H:307


Cueing down from goal distance:  307 into depth [1]
                                 306            [1]
                                 305            [1]
                                 304            [1]
                                 303            [1]
                                 302            [1]
                                 301            [1]
                                 259            [1]
                                 214            [1]
                                 213            [1]
                                 212            [1]
                                 211            [1]
                                 210            [1]
                                 209            [1]
                                 208            [1]
                                 207            [1]
                                 206            [1]
                                 205            [1]
                                 204            [1]
                                 203            [1]
                                 202            [1]
                                 201            [1]
                                 200            [1]
                                 199            [1]
                                 198            [1]
                                 197            [1]
                                 196            [1]
                                 195            [1]
                                 194            [1]
                                 193            [1]
                                 192            [1]
                                 191            [1]
                                 190            [1]
                                 189            [1]
                                 188            [1]
                                 187            [1]
                                 186            [1]
                                 185            [1]
                                 184            [1]
                                 183            [1]
                                 182            [1]
                                 181            [1]
                                 180            [1]
                                 179            [1]
                                 178            [1]
                                 177            [1]
                                 176            [1][2]
                                 175            [1]
                                 174            [1][2]
                                 173            [1]
                                 172            [1][2]
                                 171            [1]
                                 170            [1][2]
                                 169            [1]
                                 168            [1][2]
                                 167            [1]
                                 166            [1][2]
                                 165            [1]
                                 164            [1][2]
                                 163            [1]
                                 162            [1][2]
                                 161            [1]
                                 160            [1][2]
                                 159            [1]
                                 158            [1][2]
                                 157            [1]
                                 156            [1][2]
                                 155            [1]
                                 154            [1][2]
                                 153            [1]
                                 152            [1][2]
                                 151            [1]
                                 150            [1][2]
                                 149            [1]
                                 148            [1][2]
                                 147            [1]
                                 146            [1][2]
                                 145            [1]
                                 144            [1][2]
                                 143            [1]
                                 142            [1][2]
                                 141            [1]
                                 140            [1][2]
                                 139            [1]
                                 138            [1][2]
                                 137            [1]
                                 136            [1][2]
                                 135            [1]
                                 134            [1][2]
                                 133            [1]
                                 132            [1][2]
                                 131            [1]
                                 130            [1][2]
                                 129            [1]
                                 128            [1][2]
                                 127            [1]
                                 126            [1][2]
                                 125            [1]
                                 124            [1][2]
                                 123            [1]
                                 122            [1][2]
                                 121            [1]
                                 120            [1][2]
                                 119            [1]
                                 118            [1][2]
                                 117            [1]
                                 116            [1][2]
                                 115            [1]
                                 114            [1][2]
                                 113            [1]
                                 112            [1][2]
                                 111            [1]
                                 110            [1][2]
                                 109            [1]
                                 108            [1][2]
                                 107            [1]
                                 106            [1][2]
                                 105            [1]
                                 104            [1][2]
                                 103            [1]
                                 102            [1][2]
                                 101            [1]
                                 100            [1][2]
                                  99            [1]
                                  98            [1][2]
                                  97            [1]
                                  96            [1][2]
                                  95            [1]
                                  93            [1]
                                  92            [1]
                                  91            [1]
                                  90            [1][2][3]
                                  89            [1]
                                  88            [1]
                                  87            [1]
                                  86            [1]
                                  85            [1]
                                  84            [1]
                                  83            [1]
                                  82            [1]
                                  81            [1]
                                  80            [1]
                                  79            [1]
                                  78            [1]
                                  77            [1]
                                  76            [1]
                                  75            [1]
                                  74            [1]
                                  73            [1]
                                  72            [1]
                                  71            [1]
                                  70            [1]
                                  69            [1]
                                  68            [1]
                                  67            [1]
                                  66            [1]
                                  65            [1]
                                  64            [1]
                                  63            [1]
                                  62            [1]
                                  61            [1]
                                  60            [1]
                                  59            [1]
                                  58            [1]
                                  57            [1]
                                  56            [1]
                                  55            [1]
                                  54            [1]
                                  53            [1]
                                  52            [1]
                                  51            [1]
                                  50            [1]
                                  49            [1]
                                  48            [1]
                                  47            [1]
                                  46            [1]
                                  45            [1]
                                  44            [1]
                                  43            [1]
                                  42            [1]
                                  41            [1]
                                  40            [1]
                                  39            [1]
                                  38            [1]
                                  37            [1]
                                  36            [1]
                                  35            [1]
                                  34            [1]
                                  33            [1]
                                  32            [1]
                                  31            [1]
                                  30            [1]
                                  29            [1]
                                  28            [1]
                                  27            [1]
                                  26            [1]
                                  25            [1]
                                  24            [1]
                                  23            [1]
                                  22            [1]
                                  21            [1]
                                  20            [1]
                                  19            [1]
                                  18            [1]
                                  17            [1]
                                  16            [1]
                                  15            [1]
                                  14            [1]
                                  13            [1]
                                  12            [1]
                                  11            [1]
                                  10            [1]
                                   9            [1]
                                   8            [1]
                                   7            [1]
                                   6            [1]
                                   5            [1]
                                   4            [1]
                                   3            [1]
                                   2            [1]
                                   0            

ff: found legal plan as follows
规划长度：263

var_size: 71543

当前收集的断言数：23762

1
找到反例！


第7次迭代
当前初始状态:
F:83 U:14
num_Or:4006
参数大于2的OR: 
(AT N90) (AT N89) (AT N88) (AT N66) (AT N28) (AT N2) (AT N1) 
H:356


Cueing down from goal distance:  356 into depth [1]
                                 355            [1]
                                 354            [1]
                                 353            [1]
                                 352            [1]
                                 351            [1]
                                 350            [1]
                                 349            [1]
                                 302            [1]
                                 259            [1]
                                 256            [1]
                                 255            [1]
                                 254            [1]
                                 253            [1]
                                 252            [1]
                                 251            [1]
                                 250            [1]
                                 249            [1]
                                 248            [1]
                                 247            [1]
                                 246            [1]
                                 245            [1]
                                 244            [1]
                                 243            [1]
                                 242            [1]
                                 241            [1]
                                 240            [1]
                                 239            [1]
                                 238            [1]
                                 237            [1]
                                 236            [1]
                                 235            [1]
                                 234            [1]TimeOut
now_time:3600.039793517033
